findVector: (3, 1) (0, 0) -> (-3, -1)
findVector: (3, 2) (0, 0) -> (-3, -2)
findVector: (6, 2) (0, 0) -> (-3, -1)
findVector: (1, 3) (0, 0) -> (-1, -3)
findVector: (2, 3) (0, 0) -> (-2, -3)
findVector: (3, 3) (0, 0) -> (-1, -1)
findVector: (4, 3) (0, 0) -> (-4, -3)
findVector: (9, 3) (0, 0) -> (-3, -1)
findVector: (2, 4) (0, 0) -> (-1, -2)
findVector: (4, 4) (0, 0) -> (-1, -1)
findVector: (6, 4) (0, 0) -> (-3, -2)
findVector: (5, 5) (0, 0) -> (-1, -1)
findVector: (2, 6) (0, 0) -> (-1, -3)
findVector: (3, 6) (0, 0) -> (-1, -2)
findVector: (4, 6) (0, 0) -> (-2, -3)
findVector: (6, 6) (0, 0) -> (-1, -1)
findVector: (8, 6) (0, 0) -> (-4, -3)
findVector: (9, 6) (0, 0) -> (-3, -2)
findVector: (7, 7) (0, 0) -> (-1, -1)
findVector: (4, 8) (0, 0) -> (-1, -2)
findVector: (8, 8) (0, 0) -> (-1, -1)
findVector: (3, 9) (0, 0) -> (-1, -3)
findVector: (6, 9) (0, 0) -> (-2, -3)
findVector: (9, 9) (0, 0) -> (-1, -1)
findVector: (3, 1) (0, 0) -> (-3, -1)
findVector: (3, 2) (0, 0) -> (-3, -2)
findVector: (6, 2) (0, 0) -> (-3, -1)
findVector: (1, 3) (0, 0) -> (-1, -3)
findVector: (2, 3) (0, 0) -> (-2, -3)
findVector: (3, 3) (0, 0) -> (-1, -1)
findVector: (4, 3) (0, 0) -> (-4, -3)
findVector: (9, 3) (0, 0) -> (-3, -1)
findVector: (2, 4) (0, 0) -> (-1, -2)
findVector: (4, 4) (0, 0) -> (-1, -1)
findVector: (6, 4) (0, 0) -> (-3, -2)
findVector: (5, 5) (0, 0) -> (-1, -1)
findVector: (2, 6) (0, 0) -> (-1, -3)
findVector: (3, 6) (0, 0) -> (-1, -2)
findVector: (4, 6) (0, 0) -> (-2, -3)
findVector: (6, 6) (0, 0) -> (-1, -1)
findVector: (8, 6) (0, 0) -> (-4, -3)
findVector: (9, 6) (0, 0) -> (-3, -2)
findVector: (7, 7) (0, 0) -> (-1, -1)
findVector: (4, 8) (0, 0) -> (-1, -2)
findVector: (8, 8) (0, 0) -> (-1, -1)
findVector: (3, 9) (0, 0) -> (-1, -3)
findVector: (6, 9) (0, 0) -> (-2, -3)
findVector: (9, 9) (0, 0) -> (-1, -1)

pos: (0, 0) - visible: 7
((3, 1), (-3, -1))
((3, 2), (-3, -2))
((6, 2), (-3, -1))
((1, 3), (-1, -3))
((2, 3), (-2, -3))
((3, 3), (-1, -1))
((4, 3), (-4, -3))
((9, 3), (-3, -1))
((2, 4), (-1, -2))
((4, 4), (-1, -1))
((6, 4), (-3, -2))
((5, 5), (-1, -1))
((2, 6), (-1, -3))
((3, 6), (-1, -2))
((4, 6), (-2, -3))
((6, 6), (-1, -1))
((8, 6), (-4, -3))
((9, 6), (-3, -2))
((7, 7), (-1, -1))
((4, 8), (-1, -2))
((8, 8), (-1, -1))
((3, 9), (-1, -3))
((6, 9), (-2, -3))
((9, 9), (-1, -1))
...
((-3, -1), [(3, 1); (6, 2); (9, 3)])
((-3, -2), [(3, 2); (6, 4); (9, 6)])
((-1, -3), [(1, 3); (2, 6); (3, 9)])
((-2, -3), [(2, 3); (4, 6); (6, 9)])
((-1, -1), [(3, 3); (4, 4); (5, 5); (6, 6); (7, 7); (8, 8); (9, 9)])
((-4, -3), [(4, 3); (8, 6)])
((-1, -2), [(2, 4); (3, 6); (4, 8)])
findVector: (0, 0) (3, 1) -> (-3, -1)
findVector: (3, 2) (3, 1) -> (0, 1)
findVector: (6, 2) (3, 1) -> (-3, -1)
findVector: (1, 3) (3, 1) -> (1, -1)
findVector: (2, 3) (3, 1) -> (-1, 2)
findVector: (3, 3) (3, 1) -> (0, 1)
findVector: (4, 3) (3, 1) -> (-1, -2)
findVector: (9, 3) (3, 1) -> (-3, -1)
findVector: (2, 4) (3, 1) -> (-1, 3)
findVector: (4, 4) (3, 1) -> (-1, -3)
findVector: (6, 4) (3, 1) -> (-1, -1)
findVector: (5, 5) (3, 1) -> (-1, -2)
findVector: (2, 6) (3, 1) -> (-1, 5)
findVector: (3, 6) (3, 1) -> (0, 1)
findVector: (4, 6) (3, 1) -> (-1, -5)
findVector: (6, 6) (3, 1) -> (-3, -5)
findVector: (8, 6) (3, 1) -> (-1, -1)
findVector: (9, 6) (3, 1) -> (-6, -5)
findVector: (7, 7) (3, 1) -> (-2, -3)
findVector: (4, 8) (3, 1) -> (-1, -7)
findVector: (8, 8) (3, 1) -> (-5, -7)
findVector: (3, 9) (3, 1) -> (0, 1)
findVector: (6, 9) (3, 1) -> (-3, -8)
findVector: (9, 9) (3, 1) -> (-3, -4)
findVector: (0, 0) (3, 1) -> (-3, -1)
findVector: (3, 2) (3, 1) -> (0, 1)
findVector: (6, 2) (3, 1) -> (-3, -1)
findVector: (1, 3) (3, 1) -> (1, -1)
findVector: (2, 3) (3, 1) -> (-1, 2)
findVector: (3, 3) (3, 1) -> (0, 1)
findVector: (4, 3) (3, 1) -> (-1, -2)
findVector: (9, 3) (3, 1) -> (-3, -1)
findVector: (2, 4) (3, 1) -> (-1, 3)
findVector: (4, 4) (3, 1) -> (-1, -3)
findVector: (6, 4) (3, 1) -> (-1, -1)
findVector: (5, 5) (3, 1) -> (-1, -2)
findVector: (2, 6) (3, 1) -> (-1, 5)
findVector: (3, 6) (3, 1) -> (0, 1)
findVector: (4, 6) (3, 1) -> (-1, -5)
findVector: (6, 6) (3, 1) -> (-3, -5)
findVector: (8, 6) (3, 1) -> (-1, -1)
findVector: (9, 6) (3, 1) -> (-6, -5)
findVector: (7, 7) (3, 1) -> (-2, -3)
findVector: (4, 8) (3, 1) -> (-1, -7)
findVector: (8, 8) (3, 1) -> (-5, -7)
findVector: (3, 9) (3, 1) -> (0, 1)
findVector: (6, 9) (3, 1) -> (-3, -8)
findVector: (9, 9) (3, 1) -> (-3, -4)

pos: (3, 1) - visible: 17
((0, 0), (-3, -1))
((3, 2), (0, 1))
((6, 2), (-3, -1))
((1, 3), (1, -1))
((2, 3), (-1, 2))
((3, 3), (0, 1))
((4, 3), (-1, -2))
((9, 3), (-3, -1))
((2, 4), (-1, 3))
((4, 4), (-1, -3))
((6, 4), (-1, -1))
((5, 5), (-1, -2))
((2, 6), (-1, 5))
((3, 6), (0, 1))
((4, 6), (-1, -5))
((6, 6), (-3, -5))
((8, 6), (-1, -1))
((9, 6), (-6, -5))
((7, 7), (-2, -3))
((4, 8), (-1, -7))
((8, 8), (-5, -7))
((3, 9), (0, 1))
((6, 9), (-3, -8))
((9, 9), (-3, -4))
...
((-3, -1), [(0, 0); (6, 2); (9, 3)])
((0, 1), [(3, 2); (3, 3); (3, 6); (3, 9)])
((1, -1), [(1, 3)])
((-1, 2), [(2, 3)])
((-1, -2), [(4, 3); (5, 5)])
((-1, 3), [(2, 4)])
((-1, -3), [(4, 4)])
((-1, -1), [(6, 4); (8, 6)])
((-1, 5), [(2, 6)])
((-1, -5), [(4, 6)])
((-3, -5), [(6, 6)])
((-6, -5), [(9, 6)])
((-2, -3), [(7, 7)])
((-1, -7), [(4, 8)])
((-5, -7), [(8, 8)])
((-3, -8), [(6, 9)])
((-3, -4), [(9, 9)])
findVector: (0, 0) (3, 2) -> (-3, -2)
findVector: (3, 1) (3, 2) -> (0, -1)
findVector: (6, 2) (3, 2) -> (1, 0)
findVector: (1, 3) (3, 2) -> (2, -1)
findVector: (2, 3) (3, 2) -> (1, -1)
findVector: (3, 3) (3, 2) -> (0, 1)
findVector: (4, 3) (3, 2) -> (-1, -1)
findVector: (9, 3) (3, 2) -> (-6, -1)
findVector: (2, 4) (3, 2) -> (-1, 2)
findVector: (4, 4) (3, 2) -> (-1, -2)
findVector: (6, 4) (3, 2) -> (-3, -2)
findVector: (5, 5) (3, 2) -> (-2, -3)
findVector: (2, 6) (3, 2) -> (-1, 4)
findVector: (3, 6) (3, 2) -> (0, 1)
findVector: (4, 6) (3, 2) -> (-1, -4)
findVector: (6, 6) (3, 2) -> (-3, -4)
findVector: (8, 6) (3, 2) -> (-5, -4)
findVector: (9, 6) (3, 2) -> (-3, -2)
findVector: (7, 7) (3, 2) -> (-4, -5)
findVector: (4, 8) (3, 2) -> (-1, -6)
findVector: (8, 8) (3, 2) -> (-5, -6)
findVector: (3, 9) (3, 2) -> (0, 1)
findVector: (6, 9) (3, 2) -> (-3, -7)
findVector: (9, 9) (3, 2) -> (-6, -7)
findVector: (0, 0) (3, 2) -> (-3, -2)
findVector: (3, 1) (3, 2) -> (0, -1)
findVector: (6, 2) (3, 2) -> (1, 0)
findVector: (1, 3) (3, 2) -> (2, -1)
findVector: (2, 3) (3, 2) -> (1, -1)
findVector: (3, 3) (3, 2) -> (0, 1)
findVector: (4, 3) (3, 2) -> (-1, -1)
findVector: (9, 3) (3, 2) -> (-6, -1)
findVector: (2, 4) (3, 2) -> (-1, 2)
findVector: (4, 4) (3, 2) -> (-1, -2)
findVector: (6, 4) (3, 2) -> (-3, -2)
findVector: (5, 5) (3, 2) -> (-2, -3)
findVector: (2, 6) (3, 2) -> (-1, 4)
findVector: (3, 6) (3, 2) -> (0, 1)
findVector: (4, 6) (3, 2) -> (-1, -4)
findVector: (6, 6) (3, 2) -> (-3, -4)
findVector: (8, 6) (3, 2) -> (-5, -4)
findVector: (9, 6) (3, 2) -> (-3, -2)
findVector: (7, 7) (3, 2) -> (-4, -5)
findVector: (4, 8) (3, 2) -> (-1, -6)
findVector: (8, 8) (3, 2) -> (-5, -6)
findVector: (3, 9) (3, 2) -> (0, 1)
findVector: (6, 9) (3, 2) -> (-3, -7)
findVector: (9, 9) (3, 2) -> (-6, -7)

pos: (3, 2) - visible: 20
((0, 0), (-3, -2))
((3, 1), (0, -1))
((6, 2), (1, 0))
((1, 3), (2, -1))
((2, 3), (1, -1))
((3, 3), (0, 1))
((4, 3), (-1, -1))
((9, 3), (-6, -1))
((2, 4), (-1, 2))
((4, 4), (-1, -2))
((6, 4), (-3, -2))
((5, 5), (-2, -3))
((2, 6), (-1, 4))
((3, 6), (0, 1))
((4, 6), (-1, -4))
((6, 6), (-3, -4))
((8, 6), (-5, -4))
((9, 6), (-3, -2))
((7, 7), (-4, -5))
((4, 8), (-1, -6))
((8, 8), (-5, -6))
((3, 9), (0, 1))
((6, 9), (-3, -7))
((9, 9), (-6, -7))
...
((-3, -2), [(0, 0); (6, 4); (9, 6)])
((0, -1), [(3, 1)])
((1, 0), [(6, 2)])
((2, -1), [(1, 3)])
((1, -1), [(2, 3)])
((0, 1), [(3, 3); (3, 6); (3, 9)])
((-1, -1), [(4, 3)])
((-6, -1), [(9, 3)])
((-1, 2), [(2, 4)])
((-1, -2), [(4, 4)])
((-2, -3), [(5, 5)])
((-1, 4), [(2, 6)])
((-1, -4), [(4, 6)])
((-3, -4), [(6, 6)])
((-5, -4), [(8, 6)])
((-4, -5), [(7, 7)])
((-1, -6), [(4, 8)])
((-5, -6), [(8, 8)])
((-3, -7), [(6, 9)])
((-6, -7), [(9, 9)])
findVector: (0, 0) (6, 2) -> (-3, -1)
findVector: (3, 1) (6, 2) -> (-3, -1)
findVector: (3, 2) (6, 2) -> (-1, 0)
findVector: (1, 3) (6, 2) -> (5, -1)
findVector: (2, 3) (6, 2) -> (4, -1)
findVector: (3, 3) (6, 2) -> (3, -1)
findVector: (4, 3) (6, 2) -> (2, -1)
findVector: (9, 3) (6, 2) -> (-3, -1)
findVector: (2, 4) (6, 2) -> (2, -1)
findVector: (4, 4) (6, 2) -> (1, -1)
findVector: (6, 4) (6, 2) -> (0, 1)
findVector: (5, 5) (6, 2) -> (-1, 3)
findVector: (2, 6) (6, 2) -> (1, -1)
findVector: (3, 6) (6, 2) -> (3, -4)
findVector: (4, 6) (6, 2) -> (-1, 2)
findVector: (6, 6) (6, 2) -> (0, 1)
findVector: (8, 6) (6, 2) -> (-1, -2)
findVector: (9, 6) (6, 2) -> (-3, -4)
findVector: (7, 7) (6, 2) -> (-1, -5)
findVector: (4, 8) (6, 2) -> (-1, 3)
findVector: (8, 8) (6, 2) -> (-1, -3)
findVector: (3, 9) (6, 2) -> (3, -7)
findVector: (6, 9) (6, 2) -> (0, 1)
findVector: (9, 9) (6, 2) -> (-3, -7)
findVector: (0, 0) (6, 2) -> (-3, -1)
findVector: (3, 1) (6, 2) -> (-3, -1)
findVector: (3, 2) (6, 2) -> (-1, 0)
findVector: (1, 3) (6, 2) -> (5, -1)
findVector: (2, 3) (6, 2) -> (4, -1)
findVector: (3, 3) (6, 2) -> (3, -1)
findVector: (4, 3) (6, 2) -> (2, -1)
findVector: (9, 3) (6, 2) -> (-3, -1)
findVector: (2, 4) (6, 2) -> (2, -1)
findVector: (4, 4) (6, 2) -> (1, -1)
findVector: (6, 4) (6, 2) -> (0, 1)
findVector: (5, 5) (6, 2) -> (-1, 3)
findVector: (2, 6) (6, 2) -> (1, -1)
findVector: (3, 6) (6, 2) -> (3, -4)
findVector: (4, 6) (6, 2) -> (-1, 2)
findVector: (6, 6) (6, 2) -> (0, 1)
findVector: (8, 6) (6, 2) -> (-1, -2)
findVector: (9, 6) (6, 2) -> (-3, -4)
findVector: (7, 7) (6, 2) -> (-1, -5)
findVector: (4, 8) (6, 2) -> (-1, 3)
findVector: (8, 8) (6, 2) -> (-1, -3)
findVector: (3, 9) (6, 2) -> (3, -7)
findVector: (6, 9) (6, 2) -> (0, 1)
findVector: (9, 9) (6, 2) -> (-3, -7)

pos: (6, 2) - visible: 17
((0, 0), (-3, -1))
((3, 1), (-3, -1))
((3, 2), (-1, 0))
((1, 3), (5, -1))
((2, 3), (4, -1))
((3, 3), (3, -1))
((4, 3), (2, -1))
((9, 3), (-3, -1))
((2, 4), (2, -1))
((4, 4), (1, -1))
((6, 4), (0, 1))
((5, 5), (-1, 3))
((2, 6), (1, -1))
((3, 6), (3, -4))
((4, 6), (-1, 2))
((6, 6), (0, 1))
((8, 6), (-1, -2))
((9, 6), (-3, -4))
((7, 7), (-1, -5))
((4, 8), (-1, 3))
((8, 8), (-1, -3))
((3, 9), (3, -7))
((6, 9), (0, 1))
((9, 9), (-3, -7))
...
((-3, -1), [(0, 0); (3, 1); (9, 3)])
((-1, 0), [(3, 2)])
((5, -1), [(1, 3)])
((4, -1), [(2, 3)])
((3, -1), [(3, 3)])
((2, -1), [(4, 3); (2, 4)])
((1, -1), [(4, 4); (2, 6)])
((0, 1), [(6, 4); (6, 6); (6, 9)])
((-1, 3), [(5, 5); (4, 8)])
((3, -4), [(3, 6)])
((-1, 2), [(4, 6)])
((-1, -2), [(8, 6)])
((-3, -4), [(9, 6)])
((-1, -5), [(7, 7)])
((-1, -3), [(8, 8)])
((3, -7), [(3, 9)])
((-3, -7), [(9, 9)])
findVector: (0, 0) (1, 3) -> (-1, -3)
findVector: (3, 1) (1, 3) -> (1, -1)
findVector: (3, 2) (1, 3) -> (2, -1)
findVector: (6, 2) (1, 3) -> (5, -1)
findVector: (2, 3) (1, 3) -> (1, 0)
findVector: (3, 3) (1, 3) -> (1, 0)
findVector: (4, 3) (1, 3) -> (1, 0)
findVector: (9, 3) (1, 3) -> (1, 0)
findVector: (2, 4) (1, 3) -> (-1, -1)
findVector: (4, 4) (1, 3) -> (-3, -1)
findVector: (6, 4) (1, 3) -> (-5, -1)
findVector: (5, 5) (1, 3) -> (-2, -1)
findVector: (2, 6) (1, 3) -> (-1, -3)
findVector: (3, 6) (1, 3) -> (-2, -3)
findVector: (4, 6) (1, 3) -> (-1, -1)
findVector: (6, 6) (1, 3) -> (-5, -3)
findVector: (8, 6) (1, 3) -> (-7, -3)
findVector: (9, 6) (1, 3) -> (-8, -3)
findVector: (7, 7) (1, 3) -> (-3, -2)
findVector: (4, 8) (1, 3) -> (-3, -5)
findVector: (8, 8) (1, 3) -> (-7, -5)
findVector: (3, 9) (1, 3) -> (-1, -3)
findVector: (6, 9) (1, 3) -> (-5, -6)
findVector: (9, 9) (1, 3) -> (-4, -3)
findVector: (0, 0) (1, 3) -> (-1, -3)
findVector: (3, 1) (1, 3) -> (1, -1)
findVector: (3, 2) (1, 3) -> (2, -1)
findVector: (6, 2) (1, 3) -> (5, -1)
findVector: (2, 3) (1, 3) -> (1, 0)
findVector: (3, 3) (1, 3) -> (1, 0)
findVector: (4, 3) (1, 3) -> (1, 0)
findVector: (9, 3) (1, 3) -> (1, 0)
findVector: (2, 4) (1, 3) -> (-1, -1)
findVector: (4, 4) (1, 3) -> (-3, -1)
findVector: (6, 4) (1, 3) -> (-5, -1)
findVector: (5, 5) (1, 3) -> (-2, -1)
findVector: (2, 6) (1, 3) -> (-1, -3)
findVector: (3, 6) (1, 3) -> (-2, -3)
findVector: (4, 6) (1, 3) -> (-1, -1)
findVector: (6, 6) (1, 3) -> (-5, -3)
findVector: (8, 6) (1, 3) -> (-7, -3)
findVector: (9, 6) (1, 3) -> (-8, -3)
findVector: (7, 7) (1, 3) -> (-3, -2)
findVector: (4, 8) (1, 3) -> (-3, -5)
findVector: (8, 8) (1, 3) -> (-7, -5)
findVector: (3, 9) (1, 3) -> (-1, -3)
findVector: (6, 9) (1, 3) -> (-5, -6)
findVector: (9, 9) (1, 3) -> (-4, -3)

pos: (1, 3) - visible: 18
((0, 0), (-1, -3))
((3, 1), (1, -1))
((3, 2), (2, -1))
((6, 2), (5, -1))
((2, 3), (1, 0))
((3, 3), (1, 0))
((4, 3), (1, 0))
((9, 3), (1, 0))
((2, 4), (-1, -1))
((4, 4), (-3, -1))
((6, 4), (-5, -1))
((5, 5), (-2, -1))
((2, 6), (-1, -3))
((3, 6), (-2, -3))
((4, 6), (-1, -1))
((6, 6), (-5, -3))
((8, 6), (-7, -3))
((9, 6), (-8, -3))
((7, 7), (-3, -2))
((4, 8), (-3, -5))
((8, 8), (-7, -5))
((3, 9), (-1, -3))
((6, 9), (-5, -6))
((9, 9), (-4, -3))
...
((-1, -3), [(0, 0); (2, 6); (3, 9)])
((1, -1), [(3, 1)])
((2, -1), [(3, 2)])
((5, -1), [(6, 2)])
((1, 0), [(2, 3); (3, 3); (4, 3); (9, 3)])
((-1, -1), [(2, 4); (4, 6)])
((-3, -1), [(4, 4)])
((-5, -1), [(6, 4)])
((-2, -1), [(5, 5)])
((-2, -3), [(3, 6)])
((-5, -3), [(6, 6)])
((-7, -3), [(8, 6)])
((-8, -3), [(9, 6)])
((-3, -2), [(7, 7)])
((-3, -5), [(4, 8)])
((-7, -5), [(8, 8)])
((-5, -6), [(6, 9)])
((-4, -3), [(9, 9)])
findVector: (0, 0) (2, 3) -> (-2, -3)
findVector: (3, 1) (2, 3) -> (-1, 2)
findVector: (3, 2) (2, 3) -> (1, -1)
findVector: (6, 2) (2, 3) -> (4, -1)
findVector: (1, 3) (2, 3) -> (-1, 0)
findVector: (3, 3) (2, 3) -> (1, 0)
findVector: (4, 3) (2, 3) -> (1, 0)
findVector: (9, 3) (2, 3) -> (1, 0)
findVector: (2, 4) (2, 3) -> (0, 1)
findVector: (4, 4) (2, 3) -> (-2, -1)
findVector: (6, 4) (2, 3) -> (-4, -1)
findVector: (5, 5) (2, 3) -> (-3, -2)
findVector: (2, 6) (2, 3) -> (0, 1)
findVector: (3, 6) (2, 3) -> (-1, -3)
findVector: (4, 6) (2, 3) -> (-2, -3)
findVector: (6, 6) (2, 3) -> (-4, -3)
findVector: (8, 6) (2, 3) -> (-2, -1)
findVector: (9, 6) (2, 3) -> (-7, -3)
findVector: (7, 7) (2, 3) -> (-5, -4)
findVector: (4, 8) (2, 3) -> (-2, -5)
findVector: (8, 8) (2, 3) -> (-6, -5)
findVector: (3, 9) (2, 3) -> (-1, -6)
findVector: (6, 9) (2, 3) -> (-2, -3)
findVector: (9, 9) (2, 3) -> (-7, -6)
findVector: (0, 0) (2, 3) -> (-2, -3)
findVector: (3, 1) (2, 3) -> (-1, 2)
findVector: (3, 2) (2, 3) -> (1, -1)
findVector: (6, 2) (2, 3) -> (4, -1)
findVector: (1, 3) (2, 3) -> (-1, 0)
findVector: (3, 3) (2, 3) -> (1, 0)
findVector: (4, 3) (2, 3) -> (1, 0)
findVector: (9, 3) (2, 3) -> (1, 0)
findVector: (2, 4) (2, 3) -> (0, 1)
findVector: (4, 4) (2, 3) -> (-2, -1)
findVector: (6, 4) (2, 3) -> (-4, -1)
findVector: (5, 5) (2, 3) -> (-3, -2)
findVector: (2, 6) (2, 3) -> (0, 1)
findVector: (3, 6) (2, 3) -> (-1, -3)
findVector: (4, 6) (2, 3) -> (-2, -3)
findVector: (6, 6) (2, 3) -> (-4, -3)
findVector: (8, 6) (2, 3) -> (-2, -1)
findVector: (9, 6) (2, 3) -> (-7, -3)
findVector: (7, 7) (2, 3) -> (-5, -4)
findVector: (4, 8) (2, 3) -> (-2, -5)
findVector: (8, 8) (2, 3) -> (-6, -5)
findVector: (3, 9) (2, 3) -> (-1, -6)
findVector: (6, 9) (2, 3) -> (-2, -3)
findVector: (9, 9) (2, 3) -> (-7, -6)

pos: (2, 3) - visible: 18
((0, 0), (-2, -3))
((3, 1), (-1, 2))
((3, 2), (1, -1))
((6, 2), (4, -1))
((1, 3), (-1, 0))
((3, 3), (1, 0))
((4, 3), (1, 0))
((9, 3), (1, 0))
((2, 4), (0, 1))
((4, 4), (-2, -1))
((6, 4), (-4, -1))
((5, 5), (-3, -2))
((2, 6), (0, 1))
((3, 6), (-1, -3))
((4, 6), (-2, -3))
((6, 6), (-4, -3))
((8, 6), (-2, -1))
((9, 6), (-7, -3))
((7, 7), (-5, -4))
((4, 8), (-2, -5))
((8, 8), (-6, -5))
((3, 9), (-1, -6))
((6, 9), (-2, -3))
((9, 9), (-7, -6))
...
((-2, -3), [(0, 0); (4, 6); (6, 9)])
((-1, 2), [(3, 1)])
((1, -1), [(3, 2)])
((4, -1), [(6, 2)])
((-1, 0), [(1, 3)])
((1, 0), [(3, 3); (4, 3); (9, 3)])
((0, 1), [(2, 4); (2, 6)])
((-2, -1), [(4, 4); (8, 6)])
((-4, -1), [(6, 4)])
((-3, -2), [(5, 5)])
((-1, -3), [(3, 6)])
((-4, -3), [(6, 6)])
((-7, -3), [(9, 6)])
((-5, -4), [(7, 7)])
((-2, -5), [(4, 8)])
((-6, -5), [(8, 8)])
((-1, -6), [(3, 9)])
((-7, -6), [(9, 9)])
findVector: (0, 0) (3, 3) -> (-1, -1)
findVector: (3, 1) (3, 3) -> (0, -1)
findVector: (3, 2) (3, 3) -> (0, -1)
findVector: (6, 2) (3, 3) -> (3, -1)
findVector: (1, 3) (3, 3) -> (-1, 0)
findVector: (2, 3) (3, 3) -> (-1, 0)
findVector: (4, 3) (3, 3) -> (1, 0)
findVector: (9, 3) (3, 3) -> (1, 0)
findVector: (2, 4) (3, 3) -> (1, -1)
findVector: (4, 4) (3, 3) -> (-1, -1)
findVector: (6, 4) (3, 3) -> (-3, -1)
findVector: (5, 5) (3, 3) -> (-1, -1)
findVector: (2, 6) (3, 3) -> (-1, 3)
findVector: (3, 6) (3, 3) -> (0, 1)
findVector: (4, 6) (3, 3) -> (-1, -3)
findVector: (6, 6) (3, 3) -> (-1, -1)
findVector: (8, 6) (3, 3) -> (-5, -3)
findVector: (9, 6) (3, 3) -> (-2, -1)
findVector: (7, 7) (3, 3) -> (-1, -1)
findVector: (4, 8) (3, 3) -> (-1, -5)
findVector: (8, 8) (3, 3) -> (-1, -1)
findVector: (3, 9) (3, 3) -> (0, 1)
findVector: (6, 9) (3, 3) -> (-1, -2)
findVector: (9, 9) (3, 3) -> (-1, -1)
findVector: (0, 0) (3, 3) -> (-1, -1)
findVector: (3, 1) (3, 3) -> (0, -1)
findVector: (3, 2) (3, 3) -> (0, -1)
findVector: (6, 2) (3, 3) -> (3, -1)
findVector: (1, 3) (3, 3) -> (-1, 0)
findVector: (2, 3) (3, 3) -> (-1, 0)
findVector: (4, 3) (3, 3) -> (1, 0)
findVector: (9, 3) (3, 3) -> (1, 0)
findVector: (2, 4) (3, 3) -> (1, -1)
findVector: (4, 4) (3, 3) -> (-1, -1)
findVector: (6, 4) (3, 3) -> (-3, -1)
findVector: (5, 5) (3, 3) -> (-1, -1)
findVector: (2, 6) (3, 3) -> (-1, 3)
findVector: (3, 6) (3, 3) -> (0, 1)
findVector: (4, 6) (3, 3) -> (-1, -3)
findVector: (6, 6) (3, 3) -> (-1, -1)
findVector: (8, 6) (3, 3) -> (-5, -3)
findVector: (9, 6) (3, 3) -> (-2, -1)
findVector: (7, 7) (3, 3) -> (-1, -1)
findVector: (4, 8) (3, 3) -> (-1, -5)
findVector: (8, 8) (3, 3) -> (-1, -1)
findVector: (3, 9) (3, 3) -> (0, 1)
findVector: (6, 9) (3, 3) -> (-1, -2)
findVector: (9, 9) (3, 3) -> (-1, -1)

pos: (3, 3) - visible: 14
((0, 0), (-1, -1))
((3, 1), (0, -1))
((3, 2), (0, -1))
((6, 2), (3, -1))
((1, 3), (-1, 0))
((2, 3), (-1, 0))
((4, 3), (1, 0))
((9, 3), (1, 0))
((2, 4), (1, -1))
((4, 4), (-1, -1))
((6, 4), (-3, -1))
((5, 5), (-1, -1))
((2, 6), (-1, 3))
((3, 6), (0, 1))
((4, 6), (-1, -3))
((6, 6), (-1, -1))
((8, 6), (-5, -3))
((9, 6), (-2, -1))
((7, 7), (-1, -1))
((4, 8), (-1, -5))
((8, 8), (-1, -1))
((3, 9), (0, 1))
((6, 9), (-1, -2))
((9, 9), (-1, -1))
...
((-1, -1), [(0, 0); (4, 4); (5, 5); (6, 6); (7, 7); (8, 8); (9, 9)])
((0, -1), [(3, 1); (3, 2)])
((3, -1), [(6, 2)])
((-1, 0), [(1, 3); (2, 3)])
((1, 0), [(4, 3); (9, 3)])
((1, -1), [(2, 4)])
((-3, -1), [(6, 4)])
((-1, 3), [(2, 6)])
((0, 1), [(3, 6); (3, 9)])
((-1, -3), [(4, 6)])
((-5, -3), [(8, 6)])
((-2, -1), [(9, 6)])
((-1, -5), [(4, 8)])
((-1, -2), [(6, 9)])
findVector: (0, 0) (4, 3) -> (-4, -3)
findVector: (3, 1) (4, 3) -> (-1, -2)
findVector: (3, 2) (4, 3) -> (-1, -1)
findVector: (6, 2) (4, 3) -> (2, -1)
findVector: (1, 3) (4, 3) -> (-1, 0)
findVector: (2, 3) (4, 3) -> (-1, 0)
findVector: (3, 3) (4, 3) -> (-1, 0)
findVector: (9, 3) (4, 3) -> (1, 0)
findVector: (2, 4) (4, 3) -> (2, -1)
findVector: (4, 4) (4, 3) -> (0, 1)
findVector: (6, 4) (4, 3) -> (-2, -1)
findVector: (5, 5) (4, 3) -> (-1, -2)
findVector: (2, 6) (4, 3) -> (2, -3)
findVector: (3, 6) (4, 3) -> (-1, 3)
findVector: (4, 6) (4, 3) -> (0, 1)
findVector: (6, 6) (4, 3) -> (-2, -3)
findVector: (8, 6) (4, 3) -> (-4, -3)
findVector: (9, 6) (4, 3) -> (-5, -3)
findVector: (7, 7) (4, 3) -> (-3, -4)
findVector: (4, 8) (4, 3) -> (0, 1)
findVector: (8, 8) (4, 3) -> (-4, -5)
findVector: (3, 9) (4, 3) -> (-1, 6)
findVector: (6, 9) (4, 3) -> (-1, -3)
findVector: (9, 9) (4, 3) -> (-5, -6)
findVector: (0, 0) (4, 3) -> (-4, -3)
findVector: (3, 1) (4, 3) -> (-1, -2)
findVector: (3, 2) (4, 3) -> (-1, -1)
findVector: (6, 2) (4, 3) -> (2, -1)
findVector: (1, 3) (4, 3) -> (-1, 0)
findVector: (2, 3) (4, 3) -> (-1, 0)
findVector: (3, 3) (4, 3) -> (-1, 0)
findVector: (9, 3) (4, 3) -> (1, 0)
findVector: (2, 4) (4, 3) -> (2, -1)
findVector: (4, 4) (4, 3) -> (0, 1)
findVector: (6, 4) (4, 3) -> (-2, -1)
findVector: (5, 5) (4, 3) -> (-1, -2)
findVector: (2, 6) (4, 3) -> (2, -3)
findVector: (3, 6) (4, 3) -> (-1, 3)
findVector: (4, 6) (4, 3) -> (0, 1)
findVector: (6, 6) (4, 3) -> (-2, -3)
findVector: (8, 6) (4, 3) -> (-4, -3)
findVector: (9, 6) (4, 3) -> (-5, -3)
findVector: (7, 7) (4, 3) -> (-3, -4)
findVector: (4, 8) (4, 3) -> (0, 1)
findVector: (8, 8) (4, 3) -> (-4, -5)
findVector: (3, 9) (4, 3) -> (-1, 6)
findVector: (6, 9) (4, 3) -> (-1, -3)
findVector: (9, 9) (4, 3) -> (-5, -6)

pos: (4, 3) - visible: 17
((0, 0), (-4, -3))
((3, 1), (-1, -2))
((3, 2), (-1, -1))
((6, 2), (2, -1))
((1, 3), (-1, 0))
((2, 3), (-1, 0))
((3, 3), (-1, 0))
((9, 3), (1, 0))
((2, 4), (2, -1))
((4, 4), (0, 1))
((6, 4), (-2, -1))
((5, 5), (-1, -2))
((2, 6), (2, -3))
((3, 6), (-1, 3))
((4, 6), (0, 1))
((6, 6), (-2, -3))
((8, 6), (-4, -3))
((9, 6), (-5, -3))
((7, 7), (-3, -4))
((4, 8), (0, 1))
((8, 8), (-4, -5))
((3, 9), (-1, 6))
((6, 9), (-1, -3))
((9, 9), (-5, -6))
...
((-4, -3), [(0, 0); (8, 6)])
((-1, -2), [(3, 1); (5, 5)])
((-1, -1), [(3, 2)])
((2, -1), [(6, 2); (2, 4)])
((-1, 0), [(1, 3); (2, 3); (3, 3)])
((1, 0), [(9, 3)])
((0, 1), [(4, 4); (4, 6); (4, 8)])
((-2, -1), [(6, 4)])
((2, -3), [(2, 6)])
((-1, 3), [(3, 6)])
((-2, -3), [(6, 6)])
((-5, -3), [(9, 6)])
((-3, -4), [(7, 7)])
((-4, -5), [(8, 8)])
((-1, 6), [(3, 9)])
((-1, -3), [(6, 9)])
((-5, -6), [(9, 9)])
findVector: (0, 0) (9, 3) -> (-3, -1)
findVector: (3, 1) (9, 3) -> (-3, -1)
findVector: (3, 2) (9, 3) -> (-6, -1)
findVector: (6, 2) (9, 3) -> (-3, -1)
findVector: (1, 3) (9, 3) -> (-1, 0)
findVector: (2, 3) (9, 3) -> (-1, 0)
findVector: (3, 3) (9, 3) -> (-1, 0)
findVector: (4, 3) (9, 3) -> (-1, 0)
findVector: (2, 4) (9, 3) -> (7, -1)
findVector: (4, 4) (9, 3) -> (5, -1)
findVector: (6, 4) (9, 3) -> (3, -1)
findVector: (5, 5) (9, 3) -> (2, -1)
findVector: (2, 6) (9, 3) -> (-7, 3)
findVector: (3, 6) (9, 3) -> (2, -1)
findVector: (4, 6) (9, 3) -> (5, -3)
findVector: (6, 6) (9, 3) -> (1, -1)
findVector: (8, 6) (9, 3) -> (-1, 3)
findVector: (9, 6) (9, 3) -> (0, 1)
findVector: (7, 7) (9, 3) -> (-1, 2)
findVector: (4, 8) (9, 3) -> (1, -1)
findVector: (8, 8) (9, 3) -> (-1, 5)
findVector: (3, 9) (9, 3) -> (1, -1)
findVector: (6, 9) (9, 3) -> (-1, 2)
findVector: (9, 9) (9, 3) -> (0, 1)
findVector: (0, 0) (9, 3) -> (-3, -1)
findVector: (3, 1) (9, 3) -> (-3, -1)
findVector: (3, 2) (9, 3) -> (-6, -1)
findVector: (6, 2) (9, 3) -> (-3, -1)
findVector: (1, 3) (9, 3) -> (-1, 0)
findVector: (2, 3) (9, 3) -> (-1, 0)
findVector: (3, 3) (9, 3) -> (-1, 0)
findVector: (4, 3) (9, 3) -> (-1, 0)
findVector: (2, 4) (9, 3) -> (7, -1)
findVector: (4, 4) (9, 3) -> (5, -1)
findVector: (6, 4) (9, 3) -> (3, -1)
findVector: (5, 5) (9, 3) -> (2, -1)
findVector: (2, 6) (9, 3) -> (-7, 3)
findVector: (3, 6) (9, 3) -> (2, -1)
findVector: (4, 6) (9, 3) -> (5, -3)
findVector: (6, 6) (9, 3) -> (1, -1)
findVector: (8, 6) (9, 3) -> (-1, 3)
findVector: (9, 6) (9, 3) -> (0, 1)
findVector: (7, 7) (9, 3) -> (-1, 2)
findVector: (4, 8) (9, 3) -> (1, -1)
findVector: (8, 8) (9, 3) -> (-1, 5)
findVector: (3, 9) (9, 3) -> (1, -1)
findVector: (6, 9) (9, 3) -> (-1, 2)
findVector: (9, 9) (9, 3) -> (0, 1)

pos: (9, 3) - visible: 14
((0, 0), (-3, -1))
((3, 1), (-3, -1))
((3, 2), (-6, -1))
((6, 2), (-3, -1))
((1, 3), (-1, 0))
((2, 3), (-1, 0))
((3, 3), (-1, 0))
((4, 3), (-1, 0))
((2, 4), (7, -1))
((4, 4), (5, -1))
((6, 4), (3, -1))
((5, 5), (2, -1))
((2, 6), (-7, 3))
((3, 6), (2, -1))
((4, 6), (5, -3))
((6, 6), (1, -1))
((8, 6), (-1, 3))
((9, 6), (0, 1))
((7, 7), (-1, 2))
((4, 8), (1, -1))
((8, 8), (-1, 5))
((3, 9), (1, -1))
((6, 9), (-1, 2))
((9, 9), (0, 1))
...
((-3, -1), [(0, 0); (3, 1); (6, 2)])
((-6, -1), [(3, 2)])
((-1, 0), [(1, 3); (2, 3); (3, 3); (4, 3)])
((7, -1), [(2, 4)])
((5, -1), [(4, 4)])
((3, -1), [(6, 4)])
((2, -1), [(5, 5); (3, 6)])
((-7, 3), [(2, 6)])
((5, -3), [(4, 6)])
((1, -1), [(6, 6); (4, 8); (3, 9)])
((-1, 3), [(8, 6)])
((0, 1), [(9, 6); (9, 9)])
((-1, 2), [(7, 7); (6, 9)])
((-1, 5), [(8, 8)])
findVector: (0, 0) (2, 4) -> (-1, -2)
findVector: (3, 1) (2, 4) -> (-1, 3)
findVector: (3, 2) (2, 4) -> (-1, 2)
findVector: (6, 2) (2, 4) -> (2, -1)
findVector: (1, 3) (2, 4) -> (-1, -1)
findVector: (2, 3) (2, 4) -> (0, -1)
findVector: (3, 3) (2, 4) -> (1, -1)
findVector: (4, 3) (2, 4) -> (2, -1)
findVector: (9, 3) (2, 4) -> (7, -1)
findVector: (4, 4) (2, 4) -> (1, 0)
findVector: (6, 4) (2, 4) -> (1, 0)
findVector: (5, 5) (2, 4) -> (-3, -1)
findVector: (2, 6) (2, 4) -> (0, 1)
findVector: (3, 6) (2, 4) -> (-1, -2)
findVector: (4, 6) (2, 4) -> (-1, -1)
findVector: (6, 6) (2, 4) -> (-2, -1)
findVector: (8, 6) (2, 4) -> (-3, -1)
findVector: (9, 6) (2, 4) -> (-7, -2)
findVector: (7, 7) (2, 4) -> (-5, -3)
findVector: (4, 8) (2, 4) -> (-1, -2)
findVector: (8, 8) (2, 4) -> (-3, -2)
findVector: (3, 9) (2, 4) -> (-1, -5)
findVector: (6, 9) (2, 4) -> (-4, -5)
findVector: (9, 9) (2, 4) -> (-7, -5)
findVector: (0, 0) (2, 4) -> (-1, -2)
findVector: (3, 1) (2, 4) -> (-1, 3)
findVector: (3, 2) (2, 4) -> (-1, 2)
findVector: (6, 2) (2, 4) -> (2, -1)
findVector: (1, 3) (2, 4) -> (-1, -1)
findVector: (2, 3) (2, 4) -> (0, -1)
findVector: (3, 3) (2, 4) -> (1, -1)
findVector: (4, 3) (2, 4) -> (2, -1)
findVector: (9, 3) (2, 4) -> (7, -1)
findVector: (4, 4) (2, 4) -> (1, 0)
findVector: (6, 4) (2, 4) -> (1, 0)
findVector: (5, 5) (2, 4) -> (-3, -1)
findVector: (2, 6) (2, 4) -> (0, 1)
findVector: (3, 6) (2, 4) -> (-1, -2)
findVector: (4, 6) (2, 4) -> (-1, -1)
findVector: (6, 6) (2, 4) -> (-2, -1)
findVector: (8, 6) (2, 4) -> (-3, -1)
findVector: (9, 6) (2, 4) -> (-7, -2)
findVector: (7, 7) (2, 4) -> (-5, -3)
findVector: (4, 8) (2, 4) -> (-1, -2)
findVector: (8, 8) (2, 4) -> (-3, -2)
findVector: (3, 9) (2, 4) -> (-1, -5)
findVector: (6, 9) (2, 4) -> (-4, -5)
findVector: (9, 9) (2, 4) -> (-7, -5)

pos: (2, 4) - visible: 18
((0, 0), (-1, -2))
((3, 1), (-1, 3))
((3, 2), (-1, 2))
((6, 2), (2, -1))
((1, 3), (-1, -1))
((2, 3), (0, -1))
((3, 3), (1, -1))
((4, 3), (2, -1))
((9, 3), (7, -1))
((4, 4), (1, 0))
((6, 4), (1, 0))
((5, 5), (-3, -1))
((2, 6), (0, 1))
((3, 6), (-1, -2))
((4, 6), (-1, -1))
((6, 6), (-2, -1))
((8, 6), (-3, -1))
((9, 6), (-7, -2))
((7, 7), (-5, -3))
((4, 8), (-1, -2))
((8, 8), (-3, -2))
((3, 9), (-1, -5))
((6, 9), (-4, -5))
((9, 9), (-7, -5))
...
((-1, -2), [(0, 0); (3, 6); (4, 8)])
((-1, 3), [(3, 1)])
((-1, 2), [(3, 2)])
((2, -1), [(6, 2); (4, 3)])
((-1, -1), [(1, 3); (4, 6)])
((0, -1), [(2, 3)])
((1, -1), [(3, 3)])
((7, -1), [(9, 3)])
((1, 0), [(4, 4); (6, 4)])
((-3, -1), [(5, 5); (8, 6)])
((0, 1), [(2, 6)])
((-2, -1), [(6, 6)])
((-7, -2), [(9, 6)])
((-5, -3), [(7, 7)])
((-3, -2), [(8, 8)])
((-1, -5), [(3, 9)])
((-4, -5), [(6, 9)])
((-7, -5), [(9, 9)])
findVector: (0, 0) (4, 4) -> (-1, -1)
findVector: (3, 1) (4, 4) -> (-1, -3)
findVector: (3, 2) (4, 4) -> (-1, -2)
findVector: (6, 2) (4, 4) -> (1, -1)
findVector: (1, 3) (4, 4) -> (-3, -1)
findVector: (2, 3) (4, 4) -> (-2, -1)
findVector: (3, 3) (4, 4) -> (-1, -1)
findVector: (4, 3) (4, 4) -> (0, -1)
findVector: (9, 3) (4, 4) -> (5, -1)
findVector: (2, 4) (4, 4) -> (-1, 0)
findVector: (6, 4) (4, 4) -> (1, 0)
findVector: (5, 5) (4, 4) -> (-1, -1)
findVector: (2, 6) (4, 4) -> (1, -1)
findVector: (3, 6) (4, 4) -> (-1, 2)
findVector: (4, 6) (4, 4) -> (0, 1)
findVector: (6, 6) (4, 4) -> (-1, -1)
findVector: (8, 6) (4, 4) -> (-2, -1)
findVector: (9, 6) (4, 4) -> (-5, -2)
findVector: (7, 7) (4, 4) -> (-1, -1)
findVector: (4, 8) (4, 4) -> (0, 1)
findVector: (8, 8) (4, 4) -> (-1, -1)
findVector: (3, 9) (4, 4) -> (-1, 5)
findVector: (6, 9) (4, 4) -> (-2, -5)
findVector: (9, 9) (4, 4) -> (-1, -1)
findVector: (0, 0) (4, 4) -> (-1, -1)
findVector: (3, 1) (4, 4) -> (-1, -3)
findVector: (3, 2) (4, 4) -> (-1, -2)
findVector: (6, 2) (4, 4) -> (1, -1)
findVector: (1, 3) (4, 4) -> (-3, -1)
findVector: (2, 3) (4, 4) -> (-2, -1)
findVector: (3, 3) (4, 4) -> (-1, -1)
findVector: (4, 3) (4, 4) -> (0, -1)
findVector: (9, 3) (4, 4) -> (5, -1)
findVector: (2, 4) (4, 4) -> (-1, 0)
findVector: (6, 4) (4, 4) -> (1, 0)
findVector: (5, 5) (4, 4) -> (-1, -1)
findVector: (2, 6) (4, 4) -> (1, -1)
findVector: (3, 6) (4, 4) -> (-1, 2)
findVector: (4, 6) (4, 4) -> (0, 1)
findVector: (6, 6) (4, 4) -> (-1, -1)
findVector: (8, 6) (4, 4) -> (-2, -1)
findVector: (9, 6) (4, 4) -> (-5, -2)
findVector: (7, 7) (4, 4) -> (-1, -1)
findVector: (4, 8) (4, 4) -> (0, 1)
findVector: (8, 8) (4, 4) -> (-1, -1)
findVector: (3, 9) (4, 4) -> (-1, 5)
findVector: (6, 9) (4, 4) -> (-2, -5)
findVector: (9, 9) (4, 4) -> (-1, -1)

pos: (4, 4) - visible: 15
((0, 0), (-1, -1))
((3, 1), (-1, -3))
((3, 2), (-1, -2))
((6, 2), (1, -1))
((1, 3), (-3, -1))
((2, 3), (-2, -1))
((3, 3), (-1, -1))
((4, 3), (0, -1))
((9, 3), (5, -1))
((2, 4), (-1, 0))
((6, 4), (1, 0))
((5, 5), (-1, -1))
((2, 6), (1, -1))
((3, 6), (-1, 2))
((4, 6), (0, 1))
((6, 6), (-1, -1))
((8, 6), (-2, -1))
((9, 6), (-5, -2))
((7, 7), (-1, -1))
((4, 8), (0, 1))
((8, 8), (-1, -1))
((3, 9), (-1, 5))
((6, 9), (-2, -5))
((9, 9), (-1, -1))
...
((-1, -1), [(0, 0); (3, 3); (5, 5); (6, 6); (7, 7); (8, 8); (9, 9)])
((-1, -3), [(3, 1)])
((-1, -2), [(3, 2)])
((1, -1), [(6, 2); (2, 6)])
((-3, -1), [(1, 3)])
((-2, -1), [(2, 3); (8, 6)])
((0, -1), [(4, 3)])
((5, -1), [(9, 3)])
((-1, 0), [(2, 4)])
((1, 0), [(6, 4)])
((-1, 2), [(3, 6)])
((0, 1), [(4, 6); (4, 8)])
((-5, -2), [(9, 6)])
((-1, 5), [(3, 9)])
((-2, -5), [(6, 9)])
findVector: (0, 0) (6, 4) -> (-3, -2)
findVector: (3, 1) (6, 4) -> (-1, -1)
findVector: (3, 2) (6, 4) -> (-3, -2)
findVector: (6, 2) (6, 4) -> (0, -1)
findVector: (1, 3) (6, 4) -> (-5, -1)
findVector: (2, 3) (6, 4) -> (-4, -1)
findVector: (3, 3) (6, 4) -> (-3, -1)
findVector: (4, 3) (6, 4) -> (-2, -1)
findVector: (9, 3) (6, 4) -> (3, -1)
findVector: (2, 4) (6, 4) -> (-1, 0)
findVector: (4, 4) (6, 4) -> (-1, 0)
findVector: (5, 5) (6, 4) -> (1, -1)
findVector: (2, 6) (6, 4) -> (2, -1)
findVector: (3, 6) (6, 4) -> (-3, 2)
findVector: (4, 6) (6, 4) -> (1, -1)
findVector: (6, 6) (6, 4) -> (0, 1)
findVector: (8, 6) (6, 4) -> (-1, -1)
findVector: (9, 6) (6, 4) -> (-3, -2)
findVector: (7, 7) (6, 4) -> (-1, -3)
findVector: (4, 8) (6, 4) -> (-1, 2)
findVector: (8, 8) (6, 4) -> (-1, -2)
findVector: (3, 9) (6, 4) -> (-3, 5)
findVector: (6, 9) (6, 4) -> (0, 1)
findVector: (9, 9) (6, 4) -> (-3, -5)
findVector: (0, 0) (6, 4) -> (-3, -2)
findVector: (3, 1) (6, 4) -> (-1, -1)
findVector: (3, 2) (6, 4) -> (-3, -2)
findVector: (6, 2) (6, 4) -> (0, -1)
findVector: (1, 3) (6, 4) -> (-5, -1)
findVector: (2, 3) (6, 4) -> (-4, -1)
findVector: (3, 3) (6, 4) -> (-3, -1)
findVector: (4, 3) (6, 4) -> (-2, -1)
findVector: (9, 3) (6, 4) -> (3, -1)
findVector: (2, 4) (6, 4) -> (-1, 0)
findVector: (4, 4) (6, 4) -> (-1, 0)
findVector: (5, 5) (6, 4) -> (1, -1)
findVector: (2, 6) (6, 4) -> (2, -1)
findVector: (3, 6) (6, 4) -> (-3, 2)
findVector: (4, 6) (6, 4) -> (1, -1)
findVector: (6, 6) (6, 4) -> (0, 1)
findVector: (8, 6) (6, 4) -> (-1, -1)
findVector: (9, 6) (6, 4) -> (-3, -2)
findVector: (7, 7) (6, 4) -> (-1, -3)
findVector: (4, 8) (6, 4) -> (-1, 2)
findVector: (8, 8) (6, 4) -> (-1, -2)
findVector: (3, 9) (6, 4) -> (-3, 5)
findVector: (6, 9) (6, 4) -> (0, 1)
findVector: (9, 9) (6, 4) -> (-3, -5)

pos: (6, 4) - visible: 18
((0, 0), (-3, -2))
((3, 1), (-1, -1))
((3, 2), (-3, -2))
((6, 2), (0, -1))
((1, 3), (-5, -1))
((2, 3), (-4, -1))
((3, 3), (-3, -1))
((4, 3), (-2, -1))
((9, 3), (3, -1))
((2, 4), (-1, 0))
((4, 4), (-1, 0))
((5, 5), (1, -1))
((2, 6), (2, -1))
((3, 6), (-3, 2))
((4, 6), (1, -1))
((6, 6), (0, 1))
((8, 6), (-1, -1))
((9, 6), (-3, -2))
((7, 7), (-1, -3))
((4, 8), (-1, 2))
((8, 8), (-1, -2))
((3, 9), (-3, 5))
((6, 9), (0, 1))
((9, 9), (-3, -5))
...
((-3, -2), [(0, 0); (3, 2); (9, 6)])
((-1, -1), [(3, 1); (8, 6)])
((0, -1), [(6, 2)])
((-5, -1), [(1, 3)])
((-4, -1), [(2, 3)])
((-3, -1), [(3, 3)])
((-2, -1), [(4, 3)])
((3, -1), [(9, 3)])
((-1, 0), [(2, 4); (4, 4)])
((1, -1), [(5, 5); (4, 6)])
((2, -1), [(2, 6)])
((-3, 2), [(3, 6)])
((0, 1), [(6, 6); (6, 9)])
((-1, -3), [(7, 7)])
((-1, 2), [(4, 8)])
((-1, -2), [(8, 8)])
((-3, 5), [(3, 9)])
((-3, -5), [(9, 9)])
findVector: (0, 0) (5, 5) -> (-1, -1)
findVector: (3, 1) (5, 5) -> (-1, -2)
findVector: (3, 2) (5, 5) -> (-2, -3)
findVector: (6, 2) (5, 5) -> (-1, 3)
findVector: (1, 3) (5, 5) -> (-2, -1)
findVector: (2, 3) (5, 5) -> (-3, -2)
findVector: (3, 3) (5, 5) -> (-1, -1)
findVector: (4, 3) (5, 5) -> (-1, -2)
findVector: (9, 3) (5, 5) -> (2, -1)
findVector: (2, 4) (5, 5) -> (-3, -1)
findVector: (4, 4) (5, 5) -> (-1, -1)
findVector: (6, 4) (5, 5) -> (1, -1)
findVector: (2, 6) (5, 5) -> (3, -1)
findVector: (3, 6) (5, 5) -> (2, -1)
findVector: (4, 6) (5, 5) -> (1, -1)
findVector: (6, 6) (5, 5) -> (-1, -1)
findVector: (8, 6) (5, 5) -> (-3, -1)
findVector: (9, 6) (5, 5) -> (-4, -1)
findVector: (7, 7) (5, 5) -> (-1, -1)
findVector: (4, 8) (5, 5) -> (-1, 3)
findVector: (8, 8) (5, 5) -> (-1, -1)
findVector: (3, 9) (5, 5) -> (-1, 2)
findVector: (6, 9) (5, 5) -> (-1, -4)
findVector: (9, 9) (5, 5) -> (-1, -1)
findVector: (0, 0) (5, 5) -> (-1, -1)
findVector: (3, 1) (5, 5) -> (-1, -2)
findVector: (3, 2) (5, 5) -> (-2, -3)
findVector: (6, 2) (5, 5) -> (-1, 3)
findVector: (1, 3) (5, 5) -> (-2, -1)
findVector: (2, 3) (5, 5) -> (-3, -2)
findVector: (3, 3) (5, 5) -> (-1, -1)
findVector: (4, 3) (5, 5) -> (-1, -2)
findVector: (9, 3) (5, 5) -> (2, -1)
findVector: (2, 4) (5, 5) -> (-3, -1)
findVector: (4, 4) (5, 5) -> (-1, -1)
findVector: (6, 4) (5, 5) -> (1, -1)
findVector: (2, 6) (5, 5) -> (3, -1)
findVector: (3, 6) (5, 5) -> (2, -1)
findVector: (4, 6) (5, 5) -> (1, -1)
findVector: (6, 6) (5, 5) -> (-1, -1)
findVector: (8, 6) (5, 5) -> (-3, -1)
findVector: (9, 6) (5, 5) -> (-4, -1)
findVector: (7, 7) (5, 5) -> (-1, -1)
findVector: (4, 8) (5, 5) -> (-1, 3)
findVector: (8, 8) (5, 5) -> (-1, -1)
findVector: (3, 9) (5, 5) -> (-1, 2)
findVector: (6, 9) (5, 5) -> (-1, -4)
findVector: (9, 9) (5, 5) -> (-1, -1)

pos: (5, 5) - visible: 13
((0, 0), (-1, -1))
((3, 1), (-1, -2))
((3, 2), (-2, -3))
((6, 2), (-1, 3))
((1, 3), (-2, -1))
((2, 3), (-3, -2))
((3, 3), (-1, -1))
((4, 3), (-1, -2))
((9, 3), (2, -1))
((2, 4), (-3, -1))
((4, 4), (-1, -1))
((6, 4), (1, -1))
((2, 6), (3, -1))
((3, 6), (2, -1))
((4, 6), (1, -1))
((6, 6), (-1, -1))
((8, 6), (-3, -1))
((9, 6), (-4, -1))
((7, 7), (-1, -1))
((4, 8), (-1, 3))
((8, 8), (-1, -1))
((3, 9), (-1, 2))
((6, 9), (-1, -4))
((9, 9), (-1, -1))
...
((-1, -1), [(0, 0); (3, 3); (4, 4); (6, 6); (7, 7); (8, 8); (9, 9)])
((-1, -2), [(3, 1); (4, 3)])
((-2, -3), [(3, 2)])
((-1, 3), [(6, 2); (4, 8)])
((-2, -1), [(1, 3)])
((-3, -2), [(2, 3)])
((2, -1), [(9, 3); (3, 6)])
((-3, -1), [(2, 4); (8, 6)])
((1, -1), [(6, 4); (4, 6)])
((3, -1), [(2, 6)])
((-4, -1), [(9, 6)])
((-1, 2), [(3, 9)])
((-1, -4), [(6, 9)])
findVector: (0, 0) (2, 6) -> (-1, -3)
findVector: (3, 1) (2, 6) -> (-1, 5)
findVector: (3, 2) (2, 6) -> (-1, 4)
findVector: (6, 2) (2, 6) -> (1, -1)
findVector: (1, 3) (2, 6) -> (-1, -3)
findVector: (2, 3) (2, 6) -> (0, -1)
findVector: (3, 3) (2, 6) -> (-1, 3)
findVector: (4, 3) (2, 6) -> (2, -3)
findVector: (9, 3) (2, 6) -> (-7, 3)
findVector: (2, 4) (2, 6) -> (0, -1)
findVector: (4, 4) (2, 6) -> (1, -1)
findVector: (6, 4) (2, 6) -> (2, -1)
findVector: (5, 5) (2, 6) -> (3, -1)
findVector: (3, 6) (2, 6) -> (1, 0)
findVector: (4, 6) (2, 6) -> (1, 0)
findVector: (6, 6) (2, 6) -> (1, 0)
findVector: (8, 6) (2, 6) -> (1, 0)
findVector: (9, 6) (2, 6) -> (1, 0)
findVector: (7, 7) (2, 6) -> (-5, -1)
findVector: (4, 8) (2, 6) -> (-1, -1)
findVector: (8, 8) (2, 6) -> (-3, -1)
findVector: (3, 9) (2, 6) -> (-1, -3)
findVector: (6, 9) (2, 6) -> (-4, -3)
findVector: (9, 9) (2, 6) -> (-7, -3)
findVector: (0, 0) (2, 6) -> (-1, -3)
findVector: (3, 1) (2, 6) -> (-1, 5)
findVector: (3, 2) (2, 6) -> (-1, 4)
findVector: (6, 2) (2, 6) -> (1, -1)
findVector: (1, 3) (2, 6) -> (-1, -3)
findVector: (2, 3) (2, 6) -> (0, -1)
findVector: (3, 3) (2, 6) -> (-1, 3)
findVector: (4, 3) (2, 6) -> (2, -3)
findVector: (9, 3) (2, 6) -> (-7, 3)
findVector: (2, 4) (2, 6) -> (0, -1)
findVector: (4, 4) (2, 6) -> (1, -1)
findVector: (6, 4) (2, 6) -> (2, -1)
findVector: (5, 5) (2, 6) -> (3, -1)
findVector: (3, 6) (2, 6) -> (1, 0)
findVector: (4, 6) (2, 6) -> (1, 0)
findVector: (6, 6) (2, 6) -> (1, 0)
findVector: (8, 6) (2, 6) -> (1, 0)
findVector: (9, 6) (2, 6) -> (1, 0)
findVector: (7, 7) (2, 6) -> (-5, -1)
findVector: (4, 8) (2, 6) -> (-1, -1)
findVector: (8, 8) (2, 6) -> (-3, -1)
findVector: (3, 9) (2, 6) -> (-1, -3)
findVector: (6, 9) (2, 6) -> (-4, -3)
findVector: (9, 9) (2, 6) -> (-7, -3)

pos: (2, 6) - visible: 16
((0, 0), (-1, -3))
((3, 1), (-1, 5))
((3, 2), (-1, 4))
((6, 2), (1, -1))
((1, 3), (-1, -3))
((2, 3), (0, -1))
((3, 3), (-1, 3))
((4, 3), (2, -3))
((9, 3), (-7, 3))
((2, 4), (0, -1))
((4, 4), (1, -1))
((6, 4), (2, -1))
((5, 5), (3, -1))
((3, 6), (1, 0))
((4, 6), (1, 0))
((6, 6), (1, 0))
((8, 6), (1, 0))
((9, 6), (1, 0))
((7, 7), (-5, -1))
((4, 8), (-1, -1))
((8, 8), (-3, -1))
((3, 9), (-1, -3))
((6, 9), (-4, -3))
((9, 9), (-7, -3))
...
((-1, -3), [(0, 0); (1, 3); (3, 9)])
((-1, 5), [(3, 1)])
((-1, 4), [(3, 2)])
((1, -1), [(6, 2); (4, 4)])
((0, -1), [(2, 3); (2, 4)])
((-1, 3), [(3, 3)])
((2, -3), [(4, 3)])
((-7, 3), [(9, 3)])
((2, -1), [(6, 4)])
((3, -1), [(5, 5)])
((1, 0), [(3, 6); (4, 6); (6, 6); (8, 6); (9, 6)])
((-5, -1), [(7, 7)])
((-1, -1), [(4, 8)])
((-3, -1), [(8, 8)])
((-4, -3), [(6, 9)])
((-7, -3), [(9, 9)])
findVector: (0, 0) (3, 6) -> (-1, -2)
findVector: (3, 1) (3, 6) -> (0, -1)
findVector: (3, 2) (3, 6) -> (0, -1)
findVector: (6, 2) (3, 6) -> (3, -4)
findVector: (1, 3) (3, 6) -> (-2, -3)
findVector: (2, 3) (3, 6) -> (-1, -3)
findVector: (3, 3) (3, 6) -> (0, -1)
findVector: (4, 3) (3, 6) -> (-1, 3)
findVector: (9, 3) (3, 6) -> (2, -1)
findVector: (2, 4) (3, 6) -> (-1, -2)
findVector: (4, 4) (3, 6) -> (-1, 2)
findVector: (6, 4) (3, 6) -> (-3, 2)
findVector: (5, 5) (3, 6) -> (2, -1)
findVector: (2, 6) (3, 6) -> (-1, 0)
findVector: (4, 6) (3, 6) -> (1, 0)
findVector: (6, 6) (3, 6) -> (1, 0)
findVector: (8, 6) (3, 6) -> (1, 0)
findVector: (9, 6) (3, 6) -> (1, 0)
findVector: (7, 7) (3, 6) -> (-4, -1)
findVector: (4, 8) (3, 6) -> (-1, -2)
findVector: (8, 8) (3, 6) -> (-5, -2)
findVector: (3, 9) (3, 6) -> (0, 1)
findVector: (6, 9) (3, 6) -> (-1, -1)
findVector: (9, 9) (3, 6) -> (-2, -1)
findVector: (0, 0) (3, 6) -> (-1, -2)
findVector: (3, 1) (3, 6) -> (0, -1)
findVector: (3, 2) (3, 6) -> (0, -1)
findVector: (6, 2) (3, 6) -> (3, -4)
findVector: (1, 3) (3, 6) -> (-2, -3)
findVector: (2, 3) (3, 6) -> (-1, -3)
findVector: (3, 3) (3, 6) -> (0, -1)
findVector: (4, 3) (3, 6) -> (-1, 3)
findVector: (9, 3) (3, 6) -> (2, -1)
findVector: (2, 4) (3, 6) -> (-1, -2)
findVector: (4, 4) (3, 6) -> (-1, 2)
findVector: (6, 4) (3, 6) -> (-3, 2)
findVector: (5, 5) (3, 6) -> (2, -1)
findVector: (2, 6) (3, 6) -> (-1, 0)
findVector: (4, 6) (3, 6) -> (1, 0)
findVector: (6, 6) (3, 6) -> (1, 0)
findVector: (8, 6) (3, 6) -> (1, 0)
findVector: (9, 6) (3, 6) -> (1, 0)
findVector: (7, 7) (3, 6) -> (-4, -1)
findVector: (4, 8) (3, 6) -> (-1, -2)
findVector: (8, 8) (3, 6) -> (-5, -2)
findVector: (3, 9) (3, 6) -> (0, 1)
findVector: (6, 9) (3, 6) -> (-1, -1)
findVector: (9, 9) (3, 6) -> (-2, -1)

pos: (3, 6) - visible: 16
((0, 0), (-1, -2))
((3, 1), (0, -1))
((3, 2), (0, -1))
((6, 2), (3, -4))
((1, 3), (-2, -3))
((2, 3), (-1, -3))
((3, 3), (0, -1))
((4, 3), (-1, 3))
((9, 3), (2, -1))
((2, 4), (-1, -2))
((4, 4), (-1, 2))
((6, 4), (-3, 2))
((5, 5), (2, -1))
((2, 6), (-1, 0))
((4, 6), (1, 0))
((6, 6), (1, 0))
((8, 6), (1, 0))
((9, 6), (1, 0))
((7, 7), (-4, -1))
((4, 8), (-1, -2))
((8, 8), (-5, -2))
((3, 9), (0, 1))
((6, 9), (-1, -1))
((9, 9), (-2, -1))
...
((-1, -2), [(0, 0); (2, 4); (4, 8)])
((0, -1), [(3, 1); (3, 2); (3, 3)])
((3, -4), [(6, 2)])
((-2, -3), [(1, 3)])
((-1, -3), [(2, 3)])
((-1, 3), [(4, 3)])
((2, -1), [(9, 3); (5, 5)])
((-1, 2), [(4, 4)])
((-3, 2), [(6, 4)])
((-1, 0), [(2, 6)])
((1, 0), [(4, 6); (6, 6); (8, 6); (9, 6)])
((-4, -1), [(7, 7)])
((-5, -2), [(8, 8)])
((0, 1), [(3, 9)])
((-1, -1), [(6, 9)])
((-2, -1), [(9, 9)])
findVector: (0, 0) (4, 6) -> (-2, -3)
findVector: (3, 1) (4, 6) -> (-1, -5)
findVector: (3, 2) (4, 6) -> (-1, -4)
findVector: (6, 2) (4, 6) -> (-1, 2)
findVector: (1, 3) (4, 6) -> (-1, -1)
findVector: (2, 3) (4, 6) -> (-2, -3)
findVector: (3, 3) (4, 6) -> (-1, -3)
findVector: (4, 3) (4, 6) -> (0, -1)
findVector: (9, 3) (4, 6) -> (5, -3)
findVector: (2, 4) (4, 6) -> (-1, -1)
findVector: (4, 4) (4, 6) -> (0, -1)
findVector: (6, 4) (4, 6) -> (1, -1)
findVector: (5, 5) (4, 6) -> (1, -1)
findVector: (2, 6) (4, 6) -> (-1, 0)
findVector: (3, 6) (4, 6) -> (-1, 0)
findVector: (6, 6) (4, 6) -> (1, 0)
findVector: (8, 6) (4, 6) -> (1, 0)
findVector: (9, 6) (4, 6) -> (1, 0)
findVector: (7, 7) (4, 6) -> (-3, -1)
findVector: (4, 8) (4, 6) -> (0, 1)
findVector: (8, 8) (4, 6) -> (-2, -1)
findVector: (3, 9) (4, 6) -> (-1, 3)
findVector: (6, 9) (4, 6) -> (-2, -3)
findVector: (9, 9) (4, 6) -> (-5, -3)
findVector: (0, 0) (4, 6) -> (-2, -3)
findVector: (3, 1) (4, 6) -> (-1, -5)
findVector: (3, 2) (4, 6) -> (-1, -4)
findVector: (6, 2) (4, 6) -> (-1, 2)
findVector: (1, 3) (4, 6) -> (-1, -1)
findVector: (2, 3) (4, 6) -> (-2, -3)
findVector: (3, 3) (4, 6) -> (-1, -3)
findVector: (4, 3) (4, 6) -> (0, -1)
findVector: (9, 3) (4, 6) -> (5, -3)
findVector: (2, 4) (4, 6) -> (-1, -1)
findVector: (4, 4) (4, 6) -> (0, -1)
findVector: (6, 4) (4, 6) -> (1, -1)
findVector: (5, 5) (4, 6) -> (1, -1)
findVector: (2, 6) (4, 6) -> (-1, 0)
findVector: (3, 6) (4, 6) -> (-1, 0)
findVector: (6, 6) (4, 6) -> (1, 0)
findVector: (8, 6) (4, 6) -> (1, 0)
findVector: (9, 6) (4, 6) -> (1, 0)
findVector: (7, 7) (4, 6) -> (-3, -1)
findVector: (4, 8) (4, 6) -> (0, 1)
findVector: (8, 8) (4, 6) -> (-2, -1)
findVector: (3, 9) (4, 6) -> (-1, 3)
findVector: (6, 9) (4, 6) -> (-2, -3)
findVector: (9, 9) (4, 6) -> (-5, -3)

pos: (4, 6) - visible: 16
((0, 0), (-2, -3))
((3, 1), (-1, -5))
((3, 2), (-1, -4))
((6, 2), (-1, 2))
((1, 3), (-1, -1))
((2, 3), (-2, -3))
((3, 3), (-1, -3))
((4, 3), (0, -1))
((9, 3), (5, -3))
((2, 4), (-1, -1))
((4, 4), (0, -1))
((6, 4), (1, -1))
((5, 5), (1, -1))
((2, 6), (-1, 0))
((3, 6), (-1, 0))
((6, 6), (1, 0))
((8, 6), (1, 0))
((9, 6), (1, 0))
((7, 7), (-3, -1))
((4, 8), (0, 1))
((8, 8), (-2, -1))
((3, 9), (-1, 3))
((6, 9), (-2, -3))
((9, 9), (-5, -3))
...
((-2, -3), [(0, 0); (2, 3); (6, 9)])
((-1, -5), [(3, 1)])
((-1, -4), [(3, 2)])
((-1, 2), [(6, 2)])
((-1, -1), [(1, 3); (2, 4)])
((-1, -3), [(3, 3)])
((0, -1), [(4, 3); (4, 4)])
((5, -3), [(9, 3)])
((1, -1), [(6, 4); (5, 5)])
((-1, 0), [(2, 6); (3, 6)])
((1, 0), [(6, 6); (8, 6); (9, 6)])
((-3, -1), [(7, 7)])
((0, 1), [(4, 8)])
((-2, -1), [(8, 8)])
((-1, 3), [(3, 9)])
((-5, -3), [(9, 9)])
findVector: (0, 0) (6, 6) -> (-1, -1)
findVector: (3, 1) (6, 6) -> (-3, -5)
findVector: (3, 2) (6, 6) -> (-3, -4)
findVector: (6, 2) (6, 6) -> (0, -1)
findVector: (1, 3) (6, 6) -> (-5, -3)
findVector: (2, 3) (6, 6) -> (-4, -3)
findVector: (3, 3) (6, 6) -> (-1, -1)
findVector: (4, 3) (6, 6) -> (-2, -3)
findVector: (9, 3) (6, 6) -> (1, -1)
findVector: (2, 4) (6, 6) -> (-2, -1)
findVector: (4, 4) (6, 6) -> (-1, -1)
findVector: (6, 4) (6, 6) -> (0, -1)
findVector: (5, 5) (6, 6) -> (-1, -1)
findVector: (2, 6) (6, 6) -> (-1, 0)
findVector: (3, 6) (6, 6) -> (-1, 0)
findVector: (4, 6) (6, 6) -> (-1, 0)
findVector: (8, 6) (6, 6) -> (1, 0)
findVector: (9, 6) (6, 6) -> (1, 0)
findVector: (7, 7) (6, 6) -> (-1, -1)
findVector: (4, 8) (6, 6) -> (1, -1)
findVector: (8, 8) (6, 6) -> (-1, -1)
findVector: (3, 9) (6, 6) -> (1, -1)
findVector: (6, 9) (6, 6) -> (0, 1)
findVector: (9, 9) (6, 6) -> (-1, -1)
findVector: (0, 0) (6, 6) -> (-1, -1)
findVector: (3, 1) (6, 6) -> (-3, -5)
findVector: (3, 2) (6, 6) -> (-3, -4)
findVector: (6, 2) (6, 6) -> (0, -1)
findVector: (1, 3) (6, 6) -> (-5, -3)
findVector: (2, 3) (6, 6) -> (-4, -3)
findVector: (3, 3) (6, 6) -> (-1, -1)
findVector: (4, 3) (6, 6) -> (-2, -3)
findVector: (9, 3) (6, 6) -> (1, -1)
findVector: (2, 4) (6, 6) -> (-2, -1)
findVector: (4, 4) (6, 6) -> (-1, -1)
findVector: (6, 4) (6, 6) -> (0, -1)
findVector: (5, 5) (6, 6) -> (-1, -1)
findVector: (2, 6) (6, 6) -> (-1, 0)
findVector: (3, 6) (6, 6) -> (-1, 0)
findVector: (4, 6) (6, 6) -> (-1, 0)
findVector: (8, 6) (6, 6) -> (1, 0)
findVector: (9, 6) (6, 6) -> (1, 0)
findVector: (7, 7) (6, 6) -> (-1, -1)
findVector: (4, 8) (6, 6) -> (1, -1)
findVector: (8, 8) (6, 6) -> (-1, -1)
findVector: (3, 9) (6, 6) -> (1, -1)
findVector: (6, 9) (6, 6) -> (0, 1)
findVector: (9, 9) (6, 6) -> (-1, -1)

pos: (6, 6) - visible: 12
((0, 0), (-1, -1))
((3, 1), (-3, -5))
((3, 2), (-3, -4))
((6, 2), (0, -1))
((1, 3), (-5, -3))
((2, 3), (-4, -3))
((3, 3), (-1, -1))
((4, 3), (-2, -3))
((9, 3), (1, -1))
((2, 4), (-2, -1))
((4, 4), (-1, -1))
((6, 4), (0, -1))
((5, 5), (-1, -1))
((2, 6), (-1, 0))
((3, 6), (-1, 0))
((4, 6), (-1, 0))
((8, 6), (1, 0))
((9, 6), (1, 0))
((7, 7), (-1, -1))
((4, 8), (1, -1))
((8, 8), (-1, -1))
((3, 9), (1, -1))
((6, 9), (0, 1))
((9, 9), (-1, -1))
...
((-1, -1), [(0, 0); (3, 3); (4, 4); (5, 5); (7, 7); (8, 8); (9, 9)])
((-3, -5), [(3, 1)])
((-3, -4), [(3, 2)])
((0, -1), [(6, 2); (6, 4)])
((-5, -3), [(1, 3)])
((-4, -3), [(2, 3)])
((-2, -3), [(4, 3)])
((1, -1), [(9, 3); (4, 8); (3, 9)])
((-2, -1), [(2, 4)])
((-1, 0), [(2, 6); (3, 6); (4, 6)])
((1, 0), [(8, 6); (9, 6)])
((0, 1), [(6, 9)])
findVector: (0, 0) (8, 6) -> (-4, -3)
findVector: (3, 1) (8, 6) -> (-1, -1)
findVector: (3, 2) (8, 6) -> (-5, -4)
findVector: (6, 2) (8, 6) -> (-1, -2)
findVector: (1, 3) (8, 6) -> (-7, -3)
findVector: (2, 3) (8, 6) -> (-2, -1)
findVector: (3, 3) (8, 6) -> (-5, -3)
findVector: (4, 3) (8, 6) -> (-4, -3)
findVector: (9, 3) (8, 6) -> (-1, 3)
findVector: (2, 4) (8, 6) -> (-3, -1)
findVector: (4, 4) (8, 6) -> (-2, -1)
findVector: (6, 4) (8, 6) -> (-1, -1)
findVector: (5, 5) (8, 6) -> (-3, -1)
findVector: (2, 6) (8, 6) -> (-1, 0)
findVector: (3, 6) (8, 6) -> (-1, 0)
findVector: (4, 6) (8, 6) -> (-1, 0)
findVector: (6, 6) (8, 6) -> (-1, 0)
findVector: (9, 6) (8, 6) -> (1, 0)
findVector: (7, 7) (8, 6) -> (1, -1)
findVector: (4, 8) (8, 6) -> (2, -1)
findVector: (8, 8) (8, 6) -> (0, 1)
findVector: (3, 9) (8, 6) -> (5, -3)
findVector: (6, 9) (8, 6) -> (2, -3)
findVector: (9, 9) (8, 6) -> (-1, -3)
findVector: (0, 0) (8, 6) -> (-4, -3)
findVector: (3, 1) (8, 6) -> (-1, -1)
findVector: (3, 2) (8, 6) -> (-5, -4)
findVector: (6, 2) (8, 6) -> (-1, -2)
findVector: (1, 3) (8, 6) -> (-7, -3)
findVector: (2, 3) (8, 6) -> (-2, -1)
findVector: (3, 3) (8, 6) -> (-5, -3)
findVector: (4, 3) (8, 6) -> (-4, -3)
findVector: (9, 3) (8, 6) -> (-1, 3)
findVector: (2, 4) (8, 6) -> (-3, -1)
findVector: (4, 4) (8, 6) -> (-2, -1)
findVector: (6, 4) (8, 6) -> (-1, -1)
findVector: (5, 5) (8, 6) -> (-3, -1)
findVector: (2, 6) (8, 6) -> (-1, 0)
findVector: (3, 6) (8, 6) -> (-1, 0)
findVector: (4, 6) (8, 6) -> (-1, 0)
findVector: (6, 6) (8, 6) -> (-1, 0)
findVector: (9, 6) (8, 6) -> (1, 0)
findVector: (7, 7) (8, 6) -> (1, -1)
findVector: (4, 8) (8, 6) -> (2, -1)
findVector: (8, 8) (8, 6) -> (0, 1)
findVector: (3, 9) (8, 6) -> (5, -3)
findVector: (6, 9) (8, 6) -> (2, -3)
findVector: (9, 9) (8, 6) -> (-1, -3)

pos: (8, 6) - visible: 17
((0, 0), (-4, -3))
((3, 1), (-1, -1))
((3, 2), (-5, -4))
((6, 2), (-1, -2))
((1, 3), (-7, -3))
((2, 3), (-2, -1))
((3, 3), (-5, -3))
((4, 3), (-4, -3))
((9, 3), (-1, 3))
((2, 4), (-3, -1))
((4, 4), (-2, -1))
((6, 4), (-1, -1))
((5, 5), (-3, -1))
((2, 6), (-1, 0))
((3, 6), (-1, 0))
((4, 6), (-1, 0))
((6, 6), (-1, 0))
((9, 6), (1, 0))
((7, 7), (1, -1))
((4, 8), (2, -1))
((8, 8), (0, 1))
((3, 9), (5, -3))
((6, 9), (2, -3))
((9, 9), (-1, -3))
...
((-4, -3), [(0, 0); (4, 3)])
((-1, -1), [(3, 1); (6, 4)])
((-5, -4), [(3, 2)])
((-1, -2), [(6, 2)])
((-7, -3), [(1, 3)])
((-2, -1), [(2, 3); (4, 4)])
((-5, -3), [(3, 3)])
((-1, 3), [(9, 3)])
((-3, -1), [(2, 4); (5, 5)])
((-1, 0), [(2, 6); (3, 6); (4, 6); (6, 6)])
((1, 0), [(9, 6)])
((1, -1), [(7, 7)])
((2, -1), [(4, 8)])
((0, 1), [(8, 8)])
((5, -3), [(3, 9)])
((2, -3), [(6, 9)])
((-1, -3), [(9, 9)])
findVector: (0, 0) (9, 6) -> (-3, -2)
findVector: (3, 1) (9, 6) -> (-6, -5)
findVector: (3, 2) (9, 6) -> (-3, -2)
findVector: (6, 2) (9, 6) -> (-3, -4)
findVector: (1, 3) (9, 6) -> (-8, -3)
findVector: (2, 3) (9, 6) -> (-7, -3)
findVector: (3, 3) (9, 6) -> (-2, -1)
findVector: (4, 3) (9, 6) -> (-5, -3)
findVector: (9, 3) (9, 6) -> (0, -1)
findVector: (2, 4) (9, 6) -> (-7, -2)
findVector: (4, 4) (9, 6) -> (-5, -2)
findVector: (6, 4) (9, 6) -> (-3, -2)
findVector: (5, 5) (9, 6) -> (-4, -1)
findVector: (2, 6) (9, 6) -> (-1, 0)
findVector: (3, 6) (9, 6) -> (-1, 0)
findVector: (4, 6) (9, 6) -> (-1, 0)
findVector: (6, 6) (9, 6) -> (-1, 0)
findVector: (8, 6) (9, 6) -> (-1, 0)
findVector: (7, 7) (9, 6) -> (2, -1)
findVector: (4, 8) (9, 6) -> (-5, 2)
findVector: (8, 8) (9, 6) -> (-1, 2)
findVector: (3, 9) (9, 6) -> (2, -1)
findVector: (6, 9) (9, 6) -> (1, -1)
findVector: (9, 9) (9, 6) -> (0, 1)
findVector: (0, 0) (9, 6) -> (-3, -2)
findVector: (3, 1) (9, 6) -> (-6, -5)
findVector: (3, 2) (9, 6) -> (-3, -2)
findVector: (6, 2) (9, 6) -> (-3, -4)
findVector: (1, 3) (9, 6) -> (-8, -3)
findVector: (2, 3) (9, 6) -> (-7, -3)
findVector: (3, 3) (9, 6) -> (-2, -1)
findVector: (4, 3) (9, 6) -> (-5, -3)
findVector: (9, 3) (9, 6) -> (0, -1)
findVector: (2, 4) (9, 6) -> (-7, -2)
findVector: (4, 4) (9, 6) -> (-5, -2)
findVector: (6, 4) (9, 6) -> (-3, -2)
findVector: (5, 5) (9, 6) -> (-4, -1)
findVector: (2, 6) (9, 6) -> (-1, 0)
findVector: (3, 6) (9, 6) -> (-1, 0)
findVector: (4, 6) (9, 6) -> (-1, 0)
findVector: (6, 6) (9, 6) -> (-1, 0)
findVector: (8, 6) (9, 6) -> (-1, 0)
findVector: (7, 7) (9, 6) -> (2, -1)
findVector: (4, 8) (9, 6) -> (-5, 2)
findVector: (8, 8) (9, 6) -> (-1, 2)
findVector: (3, 9) (9, 6) -> (2, -1)
findVector: (6, 9) (9, 6) -> (1, -1)
findVector: (9, 9) (9, 6) -> (0, 1)

pos: (9, 6) - visible: 17
((0, 0), (-3, -2))
((3, 1), (-6, -5))
((3, 2), (-3, -2))
((6, 2), (-3, -4))
((1, 3), (-8, -3))
((2, 3), (-7, -3))
((3, 3), (-2, -1))
((4, 3), (-5, -3))
((9, 3), (0, -1))
((2, 4), (-7, -2))
((4, 4), (-5, -2))
((6, 4), (-3, -2))
((5, 5), (-4, -1))
((2, 6), (-1, 0))
((3, 6), (-1, 0))
((4, 6), (-1, 0))
((6, 6), (-1, 0))
((8, 6), (-1, 0))
((7, 7), (2, -1))
((4, 8), (-5, 2))
((8, 8), (-1, 2))
((3, 9), (2, -1))
((6, 9), (1, -1))
((9, 9), (0, 1))
...
((-3, -2), [(0, 0); (3, 2); (6, 4)])
((-6, -5), [(3, 1)])
((-3, -4), [(6, 2)])
((-8, -3), [(1, 3)])
((-7, -3), [(2, 3)])
((-2, -1), [(3, 3)])
((-5, -3), [(4, 3)])
((0, -1), [(9, 3)])
((-7, -2), [(2, 4)])
((-5, -2), [(4, 4)])
((-4, -1), [(5, 5)])
((-1, 0), [(2, 6); (3, 6); (4, 6); (6, 6); (8, 6)])
((2, -1), [(7, 7); (3, 9)])
((-5, 2), [(4, 8)])
((-1, 2), [(8, 8)])
((1, -1), [(6, 9)])
((0, 1), [(9, 9)])
findVector: (0, 0) (7, 7) -> (-1, -1)
findVector: (3, 1) (7, 7) -> (-2, -3)
findVector: (3, 2) (7, 7) -> (-4, -5)
findVector: (6, 2) (7, 7) -> (-1, -5)
findVector: (1, 3) (7, 7) -> (-3, -2)
findVector: (2, 3) (7, 7) -> (-5, -4)
findVector: (3, 3) (7, 7) -> (-1, -1)
findVector: (4, 3) (7, 7) -> (-3, -4)
findVector: (9, 3) (7, 7) -> (-1, 2)
findVector: (2, 4) (7, 7) -> (-5, -3)
findVector: (4, 4) (7, 7) -> (-1, -1)
findVector: (6, 4) (7, 7) -> (-1, -3)
findVector: (5, 5) (7, 7) -> (-1, -1)
findVector: (2, 6) (7, 7) -> (-5, -1)
findVector: (3, 6) (7, 7) -> (-4, -1)
findVector: (4, 6) (7, 7) -> (-3, -1)
findVector: (6, 6) (7, 7) -> (-1, -1)
findVector: (8, 6) (7, 7) -> (1, -1)
findVector: (9, 6) (7, 7) -> (2, -1)
findVector: (4, 8) (7, 7) -> (3, -1)
findVector: (8, 8) (7, 7) -> (-1, -1)
findVector: (3, 9) (7, 7) -> (2, -1)
findVector: (6, 9) (7, 7) -> (-1, 2)
findVector: (9, 9) (7, 7) -> (-1, -1)
findVector: (0, 0) (7, 7) -> (-1, -1)
findVector: (3, 1) (7, 7) -> (-2, -3)
findVector: (3, 2) (7, 7) -> (-4, -5)
findVector: (6, 2) (7, 7) -> (-1, -5)
findVector: (1, 3) (7, 7) -> (-3, -2)
findVector: (2, 3) (7, 7) -> (-5, -4)
findVector: (3, 3) (7, 7) -> (-1, -1)
findVector: (4, 3) (7, 7) -> (-3, -4)
findVector: (9, 3) (7, 7) -> (-1, 2)
findVector: (2, 4) (7, 7) -> (-5, -3)
findVector: (4, 4) (7, 7) -> (-1, -1)
findVector: (6, 4) (7, 7) -> (-1, -3)
findVector: (5, 5) (7, 7) -> (-1, -1)
findVector: (2, 6) (7, 7) -> (-5, -1)
findVector: (3, 6) (7, 7) -> (-4, -1)
findVector: (4, 6) (7, 7) -> (-3, -1)
findVector: (6, 6) (7, 7) -> (-1, -1)
findVector: (8, 6) (7, 7) -> (1, -1)
findVector: (9, 6) (7, 7) -> (2, -1)
findVector: (4, 8) (7, 7) -> (3, -1)
findVector: (8, 8) (7, 7) -> (-1, -1)
findVector: (3, 9) (7, 7) -> (2, -1)
findVector: (6, 9) (7, 7) -> (-1, 2)
findVector: (9, 9) (7, 7) -> (-1, -1)

pos: (7, 7) - visible: 16
((0, 0), (-1, -1))
((3, 1), (-2, -3))
((3, 2), (-4, -5))
((6, 2), (-1, -5))
((1, 3), (-3, -2))
((2, 3), (-5, -4))
((3, 3), (-1, -1))
((4, 3), (-3, -4))
((9, 3), (-1, 2))
((2, 4), (-5, -3))
((4, 4), (-1, -1))
((6, 4), (-1, -3))
((5, 5), (-1, -1))
((2, 6), (-5, -1))
((3, 6), (-4, -1))
((4, 6), (-3, -1))
((6, 6), (-1, -1))
((8, 6), (1, -1))
((9, 6), (2, -1))
((4, 8), (3, -1))
((8, 8), (-1, -1))
((3, 9), (2, -1))
((6, 9), (-1, 2))
((9, 9), (-1, -1))
...
((-1, -1), [(0, 0); (3, 3); (4, 4); (5, 5); (6, 6); (8, 8); (9, 9)])
((-2, -3), [(3, 1)])
((-4, -5), [(3, 2)])
((-1, -5), [(6, 2)])
((-3, -2), [(1, 3)])
((-5, -4), [(2, 3)])
((-3, -4), [(4, 3)])
((-1, 2), [(9, 3); (6, 9)])
((-5, -3), [(2, 4)])
((-1, -3), [(6, 4)])
((-5, -1), [(2, 6)])
((-4, -1), [(3, 6)])
((-3, -1), [(4, 6)])
((1, -1), [(8, 6)])
((2, -1), [(9, 6); (3, 9)])
((3, -1), [(4, 8)])
findVector: (0, 0) (4, 8) -> (-1, -2)
findVector: (3, 1) (4, 8) -> (-1, -7)
findVector: (3, 2) (4, 8) -> (-1, -6)
findVector: (6, 2) (4, 8) -> (-1, 3)
findVector: (1, 3) (4, 8) -> (-3, -5)
findVector: (2, 3) (4, 8) -> (-2, -5)
findVector: (3, 3) (4, 8) -> (-1, -5)
findVector: (4, 3) (4, 8) -> (0, -1)
findVector: (9, 3) (4, 8) -> (1, -1)
findVector: (2, 4) (4, 8) -> (-1, -2)
findVector: (4, 4) (4, 8) -> (0, -1)
findVector: (6, 4) (4, 8) -> (-1, 2)
findVector: (5, 5) (4, 8) -> (-1, 3)
findVector: (2, 6) (4, 8) -> (-1, -1)
findVector: (3, 6) (4, 8) -> (-1, -2)
findVector: (4, 6) (4, 8) -> (0, -1)
findVector: (6, 6) (4, 8) -> (1, -1)
findVector: (8, 6) (4, 8) -> (2, -1)
findVector: (9, 6) (4, 8) -> (-5, 2)
findVector: (7, 7) (4, 8) -> (3, -1)
findVector: (8, 8) (4, 8) -> (1, 0)
findVector: (3, 9) (4, 8) -> (1, -1)
findVector: (6, 9) (4, 8) -> (-2, -1)
findVector: (9, 9) (4, 8) -> (-5, -1)
findVector: (0, 0) (4, 8) -> (-1, -2)
findVector: (3, 1) (4, 8) -> (-1, -7)
findVector: (3, 2) (4, 8) -> (-1, -6)
findVector: (6, 2) (4, 8) -> (-1, 3)
findVector: (1, 3) (4, 8) -> (-3, -5)
findVector: (2, 3) (4, 8) -> (-2, -5)
findVector: (3, 3) (4, 8) -> (-1, -5)
findVector: (4, 3) (4, 8) -> (0, -1)
findVector: (9, 3) (4, 8) -> (1, -1)
findVector: (2, 4) (4, 8) -> (-1, -2)
findVector: (4, 4) (4, 8) -> (0, -1)
findVector: (6, 4) (4, 8) -> (-1, 2)
findVector: (5, 5) (4, 8) -> (-1, 3)
findVector: (2, 6) (4, 8) -> (-1, -1)
findVector: (3, 6) (4, 8) -> (-1, -2)
findVector: (4, 6) (4, 8) -> (0, -1)
findVector: (6, 6) (4, 8) -> (1, -1)
findVector: (8, 6) (4, 8) -> (2, -1)
findVector: (9, 6) (4, 8) -> (-5, 2)
findVector: (7, 7) (4, 8) -> (3, -1)
findVector: (8, 8) (4, 8) -> (1, 0)
findVector: (3, 9) (4, 8) -> (1, -1)
findVector: (6, 9) (4, 8) -> (-2, -1)
findVector: (9, 9) (4, 8) -> (-5, -1)

pos: (4, 8) - visible: 17
((0, 0), (-1, -2))
((3, 1), (-1, -7))
((3, 2), (-1, -6))
((6, 2), (-1, 3))
((1, 3), (-3, -5))
((2, 3), (-2, -5))
((3, 3), (-1, -5))
((4, 3), (0, -1))
((9, 3), (1, -1))
((2, 4), (-1, -2))
((4, 4), (0, -1))
((6, 4), (-1, 2))
((5, 5), (-1, 3))
((2, 6), (-1, -1))
((3, 6), (-1, -2))
((4, 6), (0, -1))
((6, 6), (1, -1))
((8, 6), (2, -1))
((9, 6), (-5, 2))
((7, 7), (3, -1))
((8, 8), (1, 0))
((3, 9), (1, -1))
((6, 9), (-2, -1))
((9, 9), (-5, -1))
...
((-1, -2), [(0, 0); (2, 4); (3, 6)])
((-1, -7), [(3, 1)])
((-1, -6), [(3, 2)])
((-1, 3), [(6, 2); (5, 5)])
((-3, -5), [(1, 3)])
((-2, -5), [(2, 3)])
((-1, -5), [(3, 3)])
((0, -1), [(4, 3); (4, 4); (4, 6)])
((1, -1), [(9, 3); (6, 6); (3, 9)])
((-1, 2), [(6, 4)])
((-1, -1), [(2, 6)])
((2, -1), [(8, 6)])
((-5, 2), [(9, 6)])
((3, -1), [(7, 7)])
((1, 0), [(8, 8)])
((-2, -1), [(6, 9)])
((-5, -1), [(9, 9)])
findVector: (0, 0) (8, 8) -> (-1, -1)
findVector: (3, 1) (8, 8) -> (-5, -7)
findVector: (3, 2) (8, 8) -> (-5, -6)
findVector: (6, 2) (8, 8) -> (-1, -3)
findVector: (1, 3) (8, 8) -> (-7, -5)
findVector: (2, 3) (8, 8) -> (-6, -5)
findVector: (3, 3) (8, 8) -> (-1, -1)
findVector: (4, 3) (8, 8) -> (-4, -5)
findVector: (9, 3) (8, 8) -> (-1, 5)
findVector: (2, 4) (8, 8) -> (-3, -2)
findVector: (4, 4) (8, 8) -> (-1, -1)
findVector: (6, 4) (8, 8) -> (-1, -2)
findVector: (5, 5) (8, 8) -> (-1, -1)
findVector: (2, 6) (8, 8) -> (-3, -1)
findVector: (3, 6) (8, 8) -> (-5, -2)
findVector: (4, 6) (8, 8) -> (-2, -1)
findVector: (6, 6) (8, 8) -> (-1, -1)
findVector: (8, 6) (8, 8) -> (0, -1)
findVector: (9, 6) (8, 8) -> (-1, 2)
findVector: (7, 7) (8, 8) -> (-1, -1)
findVector: (4, 8) (8, 8) -> (-1, 0)
findVector: (3, 9) (8, 8) -> (5, -1)
findVector: (6, 9) (8, 8) -> (2, -1)
findVector: (9, 9) (8, 8) -> (-1, -1)
findVector: (0, 0) (8, 8) -> (-1, -1)
findVector: (3, 1) (8, 8) -> (-5, -7)
findVector: (3, 2) (8, 8) -> (-5, -6)
findVector: (6, 2) (8, 8) -> (-1, -3)
findVector: (1, 3) (8, 8) -> (-7, -5)
findVector: (2, 3) (8, 8) -> (-6, -5)
findVector: (3, 3) (8, 8) -> (-1, -1)
findVector: (4, 3) (8, 8) -> (-4, -5)
findVector: (9, 3) (8, 8) -> (-1, 5)
findVector: (2, 4) (8, 8) -> (-3, -2)
findVector: (4, 4) (8, 8) -> (-1, -1)
findVector: (6, 4) (8, 8) -> (-1, -2)
findVector: (5, 5) (8, 8) -> (-1, -1)
findVector: (2, 6) (8, 8) -> (-3, -1)
findVector: (3, 6) (8, 8) -> (-5, -2)
findVector: (4, 6) (8, 8) -> (-2, -1)
findVector: (6, 6) (8, 8) -> (-1, -1)
findVector: (8, 6) (8, 8) -> (0, -1)
findVector: (9, 6) (8, 8) -> (-1, 2)
findVector: (7, 7) (8, 8) -> (-1, -1)
findVector: (4, 8) (8, 8) -> (-1, 0)
findVector: (3, 9) (8, 8) -> (5, -1)
findVector: (6, 9) (8, 8) -> (2, -1)
findVector: (9, 9) (8, 8) -> (-1, -1)

pos: (8, 8) - visible: 18
((0, 0), (-1, -1))
((3, 1), (-5, -7))
((3, 2), (-5, -6))
((6, 2), (-1, -3))
((1, 3), (-7, -5))
((2, 3), (-6, -5))
((3, 3), (-1, -1))
((4, 3), (-4, -5))
((9, 3), (-1, 5))
((2, 4), (-3, -2))
((4, 4), (-1, -1))
((6, 4), (-1, -2))
((5, 5), (-1, -1))
((2, 6), (-3, -1))
((3, 6), (-5, -2))
((4, 6), (-2, -1))
((6, 6), (-1, -1))
((8, 6), (0, -1))
((9, 6), (-1, 2))
((7, 7), (-1, -1))
((4, 8), (-1, 0))
((3, 9), (5, -1))
((6, 9), (2, -1))
((9, 9), (-1, -1))
...
((-1, -1), [(0, 0); (3, 3); (4, 4); (5, 5); (6, 6); (7, 7); (9, 9)])
((-5, -7), [(3, 1)])
((-5, -6), [(3, 2)])
((-1, -3), [(6, 2)])
((-7, -5), [(1, 3)])
((-6, -5), [(2, 3)])
((-4, -5), [(4, 3)])
((-1, 5), [(9, 3)])
((-3, -2), [(2, 4)])
((-1, -2), [(6, 4)])
((-3, -1), [(2, 6)])
((-5, -2), [(3, 6)])
((-2, -1), [(4, 6)])
((0, -1), [(8, 6)])
((-1, 2), [(9, 6)])
((-1, 0), [(4, 8)])
((5, -1), [(3, 9)])
((2, -1), [(6, 9)])
findVector: (0, 0) (3, 9) -> (-1, -3)
findVector: (3, 1) (3, 9) -> (0, -1)
findVector: (3, 2) (3, 9) -> (0, -1)
findVector: (6, 2) (3, 9) -> (3, -7)
findVector: (1, 3) (3, 9) -> (-1, -3)
findVector: (2, 3) (3, 9) -> (-1, -6)
findVector: (3, 3) (3, 9) -> (0, -1)
findVector: (4, 3) (3, 9) -> (-1, 6)
findVector: (9, 3) (3, 9) -> (1, -1)
findVector: (2, 4) (3, 9) -> (-1, -5)
findVector: (4, 4) (3, 9) -> (-1, 5)
findVector: (6, 4) (3, 9) -> (-3, 5)
findVector: (5, 5) (3, 9) -> (-1, 2)
findVector: (2, 6) (3, 9) -> (-1, -3)
findVector: (3, 6) (3, 9) -> (0, -1)
findVector: (4, 6) (3, 9) -> (-1, 3)
findVector: (6, 6) (3, 9) -> (1, -1)
findVector: (8, 6) (3, 9) -> (5, -3)
findVector: (9, 6) (3, 9) -> (2, -1)
findVector: (7, 7) (3, 9) -> (2, -1)
findVector: (4, 8) (3, 9) -> (1, -1)
findVector: (8, 8) (3, 9) -> (5, -1)
findVector: (6, 9) (3, 9) -> (1, 0)
findVector: (9, 9) (3, 9) -> (1, 0)
findVector: (0, 0) (3, 9) -> (-1, -3)
findVector: (3, 1) (3, 9) -> (0, -1)
findVector: (3, 2) (3, 9) -> (0, -1)
findVector: (6, 2) (3, 9) -> (3, -7)
findVector: (1, 3) (3, 9) -> (-1, -3)
findVector: (2, 3) (3, 9) -> (-1, -6)
findVector: (3, 3) (3, 9) -> (0, -1)
findVector: (4, 3) (3, 9) -> (-1, 6)
findVector: (9, 3) (3, 9) -> (1, -1)
findVector: (2, 4) (3, 9) -> (-1, -5)
findVector: (4, 4) (3, 9) -> (-1, 5)
findVector: (6, 4) (3, 9) -> (-3, 5)
findVector: (5, 5) (3, 9) -> (-1, 2)
findVector: (2, 6) (3, 9) -> (-1, -3)
findVector: (3, 6) (3, 9) -> (0, -1)
findVector: (4, 6) (3, 9) -> (-1, 3)
findVector: (6, 6) (3, 9) -> (1, -1)
findVector: (8, 6) (3, 9) -> (5, -3)
findVector: (9, 6) (3, 9) -> (2, -1)
findVector: (7, 7) (3, 9) -> (2, -1)
findVector: (4, 8) (3, 9) -> (1, -1)
findVector: (8, 8) (3, 9) -> (5, -1)
findVector: (6, 9) (3, 9) -> (1, 0)
findVector: (9, 9) (3, 9) -> (1, 0)

pos: (3, 9) - visible: 15
((0, 0), (-1, -3))
((3, 1), (0, -1))
((3, 2), (0, -1))
((6, 2), (3, -7))
((1, 3), (-1, -3))
((2, 3), (-1, -6))
((3, 3), (0, -1))
((4, 3), (-1, 6))
((9, 3), (1, -1))
((2, 4), (-1, -5))
((4, 4), (-1, 5))
((6, 4), (-3, 5))
((5, 5), (-1, 2))
((2, 6), (-1, -3))
((3, 6), (0, -1))
((4, 6), (-1, 3))
((6, 6), (1, -1))
((8, 6), (5, -3))
((9, 6), (2, -1))
((7, 7), (2, -1))
((4, 8), (1, -1))
((8, 8), (5, -1))
((6, 9), (1, 0))
((9, 9), (1, 0))
...
((-1, -3), [(0, 0); (1, 3); (2, 6)])
((0, -1), [(3, 1); (3, 2); (3, 3); (3, 6)])
((3, -7), [(6, 2)])
((-1, -6), [(2, 3)])
((-1, 6), [(4, 3)])
((1, -1), [(9, 3); (6, 6); (4, 8)])
((-1, -5), [(2, 4)])
((-1, 5), [(4, 4)])
((-3, 5), [(6, 4)])
((-1, 2), [(5, 5)])
((-1, 3), [(4, 6)])
((5, -3), [(8, 6)])
((2, -1), [(9, 6); (7, 7)])
((5, -1), [(8, 8)])
((1, 0), [(6, 9); (9, 9)])
findVector: (0, 0) (6, 9) -> (-2, -3)
findVector: (3, 1) (6, 9) -> (-3, -8)
findVector: (3, 2) (6, 9) -> (-3, -7)
findVector: (6, 2) (6, 9) -> (0, -1)
findVector: (1, 3) (6, 9) -> (-5, -6)
findVector: (2, 3) (6, 9) -> (-2, -3)
findVector: (3, 3) (6, 9) -> (-1, -2)
findVector: (4, 3) (6, 9) -> (-1, -3)
findVector: (9, 3) (6, 9) -> (-1, 2)
findVector: (2, 4) (6, 9) -> (-4, -5)
findVector: (4, 4) (6, 9) -> (-2, -5)
findVector: (6, 4) (6, 9) -> (0, -1)
findVector: (5, 5) (6, 9) -> (-1, -4)
findVector: (2, 6) (6, 9) -> (-4, -3)
findVector: (3, 6) (6, 9) -> (-1, -1)
findVector: (4, 6) (6, 9) -> (-2, -3)
findVector: (6, 6) (6, 9) -> (0, -1)
findVector: (8, 6) (6, 9) -> (2, -3)
findVector: (9, 6) (6, 9) -> (1, -1)
findVector: (7, 7) (6, 9) -> (-1, 2)
findVector: (4, 8) (6, 9) -> (-2, -1)
findVector: (8, 8) (6, 9) -> (2, -1)
findVector: (3, 9) (6, 9) -> (-1, 0)
findVector: (9, 9) (6, 9) -> (1, 0)
findVector: (0, 0) (6, 9) -> (-2, -3)
findVector: (3, 1) (6, 9) -> (-3, -8)
findVector: (3, 2) (6, 9) -> (-3, -7)
findVector: (6, 2) (6, 9) -> (0, -1)
findVector: (1, 3) (6, 9) -> (-5, -6)
findVector: (2, 3) (6, 9) -> (-2, -3)
findVector: (3, 3) (6, 9) -> (-1, -2)
findVector: (4, 3) (6, 9) -> (-1, -3)
findVector: (9, 3) (6, 9) -> (-1, 2)
findVector: (2, 4) (6, 9) -> (-4, -5)
findVector: (4, 4) (6, 9) -> (-2, -5)
findVector: (6, 4) (6, 9) -> (0, -1)
findVector: (5, 5) (6, 9) -> (-1, -4)
findVector: (2, 6) (6, 9) -> (-4, -3)
findVector: (3, 6) (6, 9) -> (-1, -1)
findVector: (4, 6) (6, 9) -> (-2, -3)
findVector: (6, 6) (6, 9) -> (0, -1)
findVector: (8, 6) (6, 9) -> (2, -3)
findVector: (9, 6) (6, 9) -> (1, -1)
findVector: (7, 7) (6, 9) -> (-1, 2)
findVector: (4, 8) (6, 9) -> (-2, -1)
findVector: (8, 8) (6, 9) -> (2, -1)
findVector: (3, 9) (6, 9) -> (-1, 0)
findVector: (9, 9) (6, 9) -> (1, 0)

pos: (6, 9) - visible: 19
((0, 0), (-2, -3))
((3, 1), (-3, -8))
((3, 2), (-3, -7))
((6, 2), (0, -1))
((1, 3), (-5, -6))
((2, 3), (-2, -3))
((3, 3), (-1, -2))
((4, 3), (-1, -3))
((9, 3), (-1, 2))
((2, 4), (-4, -5))
((4, 4), (-2, -5))
((6, 4), (0, -1))
((5, 5), (-1, -4))
((2, 6), (-4, -3))
((3, 6), (-1, -1))
((4, 6), (-2, -3))
((6, 6), (0, -1))
((8, 6), (2, -3))
((9, 6), (1, -1))
((7, 7), (-1, 2))
((4, 8), (-2, -1))
((8, 8), (2, -1))
((3, 9), (-1, 0))
((9, 9), (1, 0))
...
((-2, -3), [(0, 0); (2, 3); (4, 6)])
((-3, -8), [(3, 1)])
((-3, -7), [(3, 2)])
((0, -1), [(6, 2); (6, 4); (6, 6)])
((-5, -6), [(1, 3)])
((-1, -2), [(3, 3)])
((-1, -3), [(4, 3)])
((-1, 2), [(9, 3); (7, 7)])
((-4, -5), [(2, 4)])
((-2, -5), [(4, 4)])
((-1, -4), [(5, 5)])
((-4, -3), [(2, 6)])
((-1, -1), [(3, 6)])
((2, -3), [(8, 6)])
((1, -1), [(9, 6)])
((-2, -1), [(4, 8)])
((2, -1), [(8, 8)])
((-1, 0), [(3, 9)])
((1, 0), [(9, 9)])
findVector: (0, 0) (9, 9) -> (-1, -1)
findVector: (3, 1) (9, 9) -> (-3, -4)
findVector: (3, 2) (9, 9) -> (-6, -7)
findVector: (6, 2) (9, 9) -> (-3, -7)
findVector: (1, 3) (9, 9) -> (-4, -3)
findVector: (2, 3) (9, 9) -> (-7, -6)
findVector: (3, 3) (9, 9) -> (-1, -1)
findVector: (4, 3) (9, 9) -> (-5, -6)
findVector: (9, 3) (9, 9) -> (0, -1)
findVector: (2, 4) (9, 9) -> (-7, -5)
findVector: (4, 4) (9, 9) -> (-1, -1)
findVector: (6, 4) (9, 9) -> (-3, -5)
findVector: (5, 5) (9, 9) -> (-1, -1)
findVector: (2, 6) (9, 9) -> (-7, -3)
findVector: (3, 6) (9, 9) -> (-2, -1)
findVector: (4, 6) (9, 9) -> (-5, -3)
findVector: (6, 6) (9, 9) -> (-1, -1)
findVector: (8, 6) (9, 9) -> (-1, -3)
findVector: (9, 6) (9, 9) -> (0, -1)
findVector: (7, 7) (9, 9) -> (-1, -1)
findVector: (4, 8) (9, 9) -> (-5, -1)
findVector: (8, 8) (9, 9) -> (-1, -1)
findVector: (3, 9) (9, 9) -> (-1, 0)
findVector: (6, 9) (9, 9) -> (-1, 0)
findVector: (0, 0) (9, 9) -> (-1, -1)
findVector: (3, 1) (9, 9) -> (-3, -4)
findVector: (3, 2) (9, 9) -> (-6, -7)
findVector: (6, 2) (9, 9) -> (-3, -7)
findVector: (1, 3) (9, 9) -> (-4, -3)
findVector: (2, 3) (9, 9) -> (-7, -6)
findVector: (3, 3) (9, 9) -> (-1, -1)
findVector: (4, 3) (9, 9) -> (-5, -6)
findVector: (9, 3) (9, 9) -> (0, -1)
findVector: (2, 4) (9, 9) -> (-7, -5)
findVector: (4, 4) (9, 9) -> (-1, -1)
findVector: (6, 4) (9, 9) -> (-3, -5)
findVector: (5, 5) (9, 9) -> (-1, -1)
findVector: (2, 6) (9, 9) -> (-7, -3)
findVector: (3, 6) (9, 9) -> (-2, -1)
findVector: (4, 6) (9, 9) -> (-5, -3)
findVector: (6, 6) (9, 9) -> (-1, -1)
findVector: (8, 6) (9, 9) -> (-1, -3)
findVector: (9, 6) (9, 9) -> (0, -1)
findVector: (7, 7) (9, 9) -> (-1, -1)
findVector: (4, 8) (9, 9) -> (-5, -1)
findVector: (8, 8) (9, 9) -> (-1, -1)
findVector: (3, 9) (9, 9) -> (-1, 0)
findVector: (6, 9) (9, 9) -> (-1, 0)

pos: (9, 9) - visible: 16
((0, 0), (-1, -1))
((3, 1), (-3, -4))
((3, 2), (-6, -7))
((6, 2), (-3, -7))
((1, 3), (-4, -3))
((2, 3), (-7, -6))
((3, 3), (-1, -1))
((4, 3), (-5, -6))
((9, 3), (0, -1))
((2, 4), (-7, -5))
((4, 4), (-1, -1))
((6, 4), (-3, -5))
((5, 5), (-1, -1))
((2, 6), (-7, -3))
((3, 6), (-2, -1))
((4, 6), (-5, -3))
((6, 6), (-1, -1))
((8, 6), (-1, -3))
((9, 6), (0, -1))
((7, 7), (-1, -1))
((4, 8), (-5, -1))
((8, 8), (-1, -1))
((3, 9), (-1, 0))
((6, 9), (-1, 0))
...
((-1, -1), [(0, 0); (3, 3); (4, 4); (5, 5); (6, 6); (7, 7); (8, 8)])
((-3, -4), [(3, 1)])
((-6, -7), [(3, 2)])
((-3, -7), [(6, 2)])
((-4, -3), [(1, 3)])
((-7, -6), [(2, 3)])
((-5, -6), [(4, 3)])
((0, -1), [(9, 3); (9, 6)])
((-7, -5), [(2, 4)])
((-3, -5), [(6, 4)])
((-7, -3), [(2, 6)])
((-2, -1), [(3, 6)])
((-5, -3), [(4, 6)])
((-1, -3), [(8, 6)])
((-5, -1), [(4, 8)])
((-1, 0), [(3, 9); (6, 9)])
(3, 2): 20
