41
EXISTING [(0, 8); (1, 6); (2, 3); (4, 0); (6, 9); (7, 4); (8, 7); (9, 1)]
ROUTE [(4, 6); (4, 5); (4, 4); (4, 3); (4, 2); (4, 1); (5, 1); (6, 1); (7, 1); (8, 1);
 (8, 2); (8, 3); (8, 4); (8, 5); (8, 6); (7, 6); (6, 6); (5, 6); (4, 6); (3, 6);
 (2, 6); (2, 5); (2, 4); (3, 4); (4, 4); (5, 4); (6, 4); (6, 5); (6, 6); (6, 7);
 (6, 8); (5, 8); (4, 8); (3, 8); (2, 8); (1, 8); (1, 7); (2, 7); (3, 7); (4, 7);
 (5, 7); (6, 7); (7, 7); (7, 8); (7, 9)]
ALL CANDIDATES [(1, 7); (1, 8); (2, 4); (2, 5); (2, 6); (2, 7); (2, 8); (3, 4); (3, 6); (3, 7);
 (3, 8); (4, 1); (4, 2); (4, 3); (4, 4); (4, 5); (4, 6); (4, 7); (4, 8); (5, 1);
 (5, 4); (5, 6); (5, 7); (5, 8); (6, 1); (6, 4); (6, 5); (6, 6); (6, 7); (6, 8);
 (7, 1); (7, 6); (7, 7); (7, 8); (7, 9); (8, 1); (8, 2); (8, 3); (8, 4); (8, 5);
 (8, 6)]
---------------------
Check board for loop!

At (4, 6) facing (0, -1) having visited set []
Moving N
tryFindSmallest: 6 - [(Outside, Obstacle 0); (Obstacle 0, Outside)]
Found obstacle at (4, 0)
Move to (4, 1)
Add moves set
  [((4, 1), (0, -1)); ((4, 2), (0, -1)); ((4, 3), (0, -1)); ((4, 4), (0, -1));
   ((4, 5), (0, -1)); ((4, 6), (0, -1))]
No overlap!

At (4, 1) facing (1, 0) having visited set
  [((4, 1), (0, -1)); ((4, 2), (0, -1)); ((4, 3), (0, -1)); ((4, 4), (0, -1));
   ((4, 5), (0, -1)); ((4, 6), (0, -1))]
Moving E
tryFindLargest: 4 - [(Outside, Obstacle 9); (Obstacle 9, Outside)]
Found obstacle at (9, 1)
Move to (8, 1)
Add moves set
  [((4, 1), (1, 0)); ((5, 1), (1, 0)); ((6, 1), (1, 0)); ((7, 1), (1, 0));
   ((8, 1), (1, 0))]
No overlap!

At (8, 1) facing (0, 1) having visited set
  [((4, 1), (0, -1)); ((4, 1), (1, 0)); ((4, 2), (0, -1)); ((4, 3), (0, -1));
   ((4, 4), (0, -1)); ((4, 5), (0, -1)); ((4, 6), (0, -1)); ((5, 1), (1, 0));
   ((6, 1), (1, 0)); ...]
Moving S
tryFindLargest: 1 - [(Outside, Obstacle 7); (Obstacle 7, Outside)]
Found obstacle at (8, 7)
Move to (8, 6)
Add moves set
  [((8, 1), (0, 1)); ((8, 2), (0, 1)); ((8, 3), (0, 1)); ((8, 4), (0, 1));
   ((8, 5), (0, 1)); ((8, 6), (0, 1))]
No overlap!

At (8, 6) facing (-1, 0) having visited set
  [((4, 1), (0, -1)); ((4, 1), (1, 0)); ((4, 2), (0, -1)); ((4, 3), (0, -1));
   ((4, 4), (0, -1)); ((4, 5), (0, -1)); ((4, 6), (0, -1)); ((5, 1), (1, 0));
   ((6, 1), (1, 0)); ...]
Moving W
tryFindSmallest: 8 - [(Outside, Obstacle 1); (Obstacle 1, Outside)]
Found obstacle at (1, 6)
Move to (2, 6)
Add moves set
  [((2, 6), (-1, 0)); ((3, 6), (-1, 0)); ((4, 6), (-1, 0)); ((5, 6), (-1, 0));
   ((6, 6), (-1, 0)); ((7, 6), (-1, 0)); ((8, 6), (-1, 0))]
No overlap!

At (2, 6) facing (0, -1) having visited set
  [((2, 6), (-1, 0)); ((3, 6), (-1, 0)); ((4, 1), (0, -1)); ((4, 1), (1, 0));
   ((4, 2), (0, -1)); ((4, 3), (0, -1)); ((4, 4), (0, -1)); ((4, 5), (0, -1));
   ((4, 6), (-1, 0)); ...]
Moving N
tryFindSmallest: 6 - [(Outside, Obstacle 3); (Obstacle 3, Outside)]
Found obstacle at (2, 3)
Move to (2, 4)
Add moves set [((2, 4), (0, -1)); ((2, 5), (0, -1)); ((2, 6), (0, -1))]
No overlap!

At (2, 4) facing (1, 0) having visited set
  [((2, 4), (0, -1)); ((2, 5), (0, -1)); ((2, 6), (-1, 0)); ((2, 6), (0, -1));
   ((3, 6), (-1, 0)); ((4, 1), (0, -1)); ((4, 1), (1, 0)); ((4, 2), (0, -1));
   ((4, 3), (0, -1)); ...]
Moving E
tryFindLargest: 2 - [(Outside, Obstacle 7); (Obstacle 7, Outside)]
Found obstacle at (7, 4)
Move to (6, 4)
Add moves set
  [((2, 4), (1, 0)); ((3, 4), (1, 0)); ((4, 4), (1, 0)); ((5, 4), (1, 0));
   ((6, 4), (1, 0))]
No overlap!

At (6, 4) facing (0, 1) having visited set
  [((2, 4), (0, -1)); ((2, 4), (1, 0)); ((2, 5), (0, -1)); ((2, 6), (-1, 0));
   ((2, 6), (0, -1)); ((3, 4), (1, 0)); ((3, 6), (-1, 0)); ((4, 1), (0, -1));
   ((4, 1), (1, 0)); ...]
Moving S
tryFindLargest: 4 - [(Outside, Obstacle 9); (Obstacle 9, Outside)]
Found obstacle at (6, 9)
Move to (6, 8)
Add moves set
  [((6, 4), (0, 1)); ((6, 5), (0, 1)); ((6, 6), (0, 1)); ((6, 7), (0, 1));
   ((6, 8), (0, 1))]
No overlap!

At (6, 8) facing (-1, 0) having visited set
  [((2, 4), (0, -1)); ((2, 4), (1, 0)); ((2, 5), (0, -1)); ((2, 6), (-1, 0));
   ((2, 6), (0, -1)); ((3, 4), (1, 0)); ((3, 6), (-1, 0)); ((4, 1), (0, -1));
   ((4, 1), (1, 0)); ...]
Moving W
tryFindSmallest: 6 - [(Outside, Obstacle 0); (Obstacle 0, Outside)]
Found obstacle at (0, 8)
Move to (1, 8)
Add moves set
  [((1, 8), (-1, 0)); ((2, 8), (-1, 0)); ((3, 8), (-1, 0)); ((4, 8), (-1, 0));
   ((5, 8), (-1, 0)); ((6, 8), (-1, 0))]
No overlap!

At (1, 8) facing (0, -1) having visited set
  [((1, 8), (-1, 0)); ((2, 4), (0, -1)); ((2, 4), (1, 0)); ((2, 5), (0, -1));
   ((2, 6), (-1, 0)); ((2, 6), (0, -1)); ((2, 8), (-1, 0)); ((3, 4), (1, 0));
   ((3, 6), (-1, 0)); ...]
Moving N
tryFindSmallest: 8 - [(Outside, Obstacle 6); (Obstacle 6, Outside)]
Found obstacle at (1, 6)
Move to (1, 7)
Add moves set [((1, 7), (0, -1)); ((1, 8), (0, -1))]
No overlap!

At (1, 7) facing (1, 0) having visited set
  [((1, 7), (0, -1)); ((1, 8), (-1, 0)); ((1, 8), (0, -1)); ((2, 4), (0, -1));
   ((2, 4), (1, 0)); ((2, 5), (0, -1)); ((2, 6), (-1, 0)); ((2, 6), (0, -1));
   ((2, 8), (-1, 0)); ...]
Moving E
tryFindLargest: 1 - [(Outside, Obstacle 8); (Obstacle 8, Outside)]
Found obstacle at (8, 7)
Move to (7, 7)
Add moves set
  [((1, 7), (1, 0)); ((2, 7), (1, 0)); ((3, 7), (1, 0)); ((4, 7), (1, 0));
   ((5, 7), (1, 0)); ((6, 7), (1, 0)); ((7, 7), (1, 0))]
No overlap!

At (7, 7) facing (0, 1) having visited set
  [((1, 7), (0, -1)); ((1, 7), (1, 0)); ((1, 8), (-1, 0)); ((1, 8), (0, -1));
   ((2, 4), (0, -1)); ((2, 4), (1, 0)); ((2, 5), (0, -1)); ((2, 6), (-1, 0));
   ((2, 6), (0, -1)); ...]
Moving S
tryFindLargest: 7 - [(Outside, Obstacle 4); (Obstacle 4, Outside)]
Found no obstacle - exiting. No loop.
((7, 7), (1, 0))
((6, 7), (1, 0))
((5, 7), (1, 0))
((4, 7), (1, 0))
((3, 7), (1, 0))
((2, 7), (1, 0))
((1, 7), (1, 0))
((1, 7), (0, -1))
((1, 8), (0, -1))
((1, 8), (-1, 0))
((2, 8), (-1, 0))
((3, 8), (-1, 0))
((4, 8), (-1, 0))
((5, 8), (-1, 0))
((6, 8), (-1, 0))
((6, 8), (0, 1))
((6, 7), (0, 1))
((6, 6), (0, 1))
((6, 5), (0, 1))
((6, 4), (0, 1))
((6, 4), (1, 0))
((5, 4), (1, 0))
((4, 4), (1, 0))
((3, 4), (1, 0))
((2, 4), (1, 0))
((2, 4), (0, -1))
((2, 5), (0, -1))
((2, 6), (0, -1))
((2, 6), (-1, 0))
((3, 6), (-1, 0))
((4, 6), (-1, 0))
((5, 6), (-1, 0))
((6, 6), (-1, 0))
((7, 6), (-1, 0))
((8, 6), (-1, 0))
((8, 6), (0, 1))
((8, 5), (0, 1))
((8, 4), (0, 1))
((8, 3), (0, 1))
((8, 2), (0, 1))
((8, 1), (0, 1))
((8, 1), (1, 0))
((7, 1), (1, 0))
((6, 1), (1, 0))
((5, 1), (1, 0))
((4, 1), (1, 0))
((4, 1), (0, -1))
((4, 2), (0, -1))
((4, 3), (0, -1))
((4, 4), (0, -1))
((4, 5), (0, -1))
((4, 6), (0, -1))
00:00:00.0232641
